M = 99999999.0;
numWorkers = 30;
numRoles = 5;
numNodes = 80;
wStart = [0, 0, 0, 0, 0, 0, 0, 0, 0, 0, 0, 0, 0, 0, 0, 0, 0, 0, 0, 0, 0, 0, 0, 0, 0, 0, 0, 0, 0, 0, 120, 210, 270, 30, 240, 60, 60, 330, 240, 60, 120, 360, 60, 120, 60, 60, 150, 60, 240, 240, 480, 480, 480, 480, 480, 480, 480, 480, 480, 480, 480, 480, 480, 480, 480, 480, 480, 480, 480, 480, 480, 480, 480, 480, 480, 480, 480, 480, 480, 480];
wEnd = [0, 0, 0, 0, 0, 0, 0, 0, 0, 0, 0, 0, 0, 0, 0, 0, 0, 0, 0, 0, 0, 0, 0, 0, 0, 0, 0, 0, 0, 0, 450, 300, 450, 420, 360, 420, 120, 450, 390, 420, 420, 420, 420, 420, 360, 420, 390, 270, 300, 420, 480, 480, 480, 480, 480, 480, 480, 480, 480, 480, 480, 480, 480, 480, 480, 480, 480, 480, 480, 480, 480, 480, 480, 480, 480, 480, 480, 480, 480, 480];
p = [0, 0, 0, 0, 0, 0, 0, 0, 0, 0, 0, 0, 0, 0, 0, 0, 0, 0, 0, 0, 0, 0, 0, 0, 0, 0, 0, 0, 0, 0, 60.77523241901058, 54.45606279727678, 72.95682427188092, 24.01514860631163, 62.01807536249643, 53.963922627537116, 48.8624565062945, 47.35352717640042, 56.32691153707052, 21.93156641628579, 73.77726870782824, 32.73246479192173, 61.416717880596885, 49.644293568457854, 61.86029558549844, 54.6000393608157, 71.9239373250982, 42.47899594763948, 17.801351787258508, 32.64116082097962, 0, 0, 0, 0, 0, 0, 0, 0, 0, 0, 0, 0, 0, 0, 0, 0, 0, 0, 0, 0, 0, 0, 0, 0, 0, 0, 0, 0, 0, 0];
e = [[1, 0, 1, 0, 0], [0, 0, 1, 1, 0], [0, 1, 0, 0, 1], [1, 0, 0, 1, 0], [0, 1, 0, 0, 1], [1, 0, 1, 0, 0], [0, 0, 0, 0, 1], [0, 1, 0, 0, 0], [0, 0, 0, 1, 0], [0, 1, 0, 0, 0], [0, 0, 1, 0, 0], [1, 0, 0, 0, 0], [1, 0, 0, 0, 0], [0, 1, 0, 0, 0], [0, 1, 0, 0, 0], [0, 1, 0, 0, 0], [0, 0, 0, 1, 0], [1, 0, 0, 0, 0], [1, 0, 0, 0, 0], [0, 0, 1, 0, 0], [0, 1, 0, 0, 0], [0, 0, 1, 0, 0], [0, 1, 0, 0, 0], [1, 0, 0, 0, 0], [1, 0, 0, 0, 0], [0, 0, 0, 0, 1], [0, 0, 0, 0, 1], [0, 0, 0, 0, 1], [0, 0, 0, 1, 0], [0, 0, 0, 1, 0]];
d = [[1, 0, 0, 0, 1, 0, 0, 2, 0, 0, 0, 1, 1, 0, 0, 1, 0, 1, 0, 2], [0, 0, 0, 1, 0, 0, 0, 0, 0, 1, 0, 0, 0, 1, 1, 0, 1, 0, 0, 0], [2, 0, 0, 1, 2, 0, 0, 0, 0, 1, 0, 2, 2, 1, 1, 2, 1, 2, 0, 0], [1, 2, 1, 2, 1, 2, 2, 1, 1, 2, 2, 1, 1, 2, 2, 1, 2, 1, 2, 1], [1, 2, 3, 0, 1, 2, 2, 2, 3, 0, 2, 1, 1, 0, 0, 1, 0, 1, 2, 2]];
r = [120, 4731, 1165, 3974, 4320, 2680, 3330, 1676, 4510, 2568, 2439, 3800, 144, 1950, 2169, 1181, 2819, 2633, 3860, 1492];
g = [[0, 0, 0, 0, 0, 0, 0, 0, 0, 0, 0, 0, 0, 0, 0, 0, 0, 0, 0, 0], [0, 0, 0, 0, 0, 0, 0, 0, 0, 0, 0, 0, 0, 0, 0, 0, 0, 0, 0, 0], [0, 0, 0, 0, 0, 0, 0, 0, 0, 0, 0, 0, 0, 0, 0, 0, 0, 0, 0, 0], [0, 0, 0, 0, 0, 0, 0, 0, 0, 0, 0, 0, 0, 0, 0, 0, 0, 0, 0, 0], [0, 0, 0, 0, 0, 0, 0, 0, 0, 0, 0, 0, 0, 0, 0, 0, 0, 0, 0, 0], [0, 0, 0, 0, 0, 0, 0, 0, 0, 0, 0, 0, 0, 0, 0, 0, 0, 0, 0, 0], [0, 0, 0, 0, 0, 0, 0, 0, 0, 0, 0, 0, 0, 0, 0, 0, 0, 0, 0, 0], [0, 0, 0, 0, 0, 0, 0, 0, 0, 0, 0, 0, 0, 0, 0, 0, 0, 0, 0, 0], [0, 0, 0, 0, 0, 0, 0, 0, 0, 0, 0, 0, 0, 0, 0, 0, 0, 0, 0, 0], [0, 0, 0, 0, 0, 0, 0, 0, 0, 0, 0, 0, 0, 0, 0, 0, 0, 0, 0, 0], [0, 0, 0, 0, 0, 0, 0, 0, 0, 0, 0, 0, 0, 0, 0, 0, 0, 0, 0, 0], [0, 0, 0, 0, 0, 0, 0, 0, 0, 0, 0, 0, 0, 0, 0, 0, 0, 0, 0, 0], [0, 0, 0, 0, 0, 0, 0, 0, 0, 0, 0, 0, 0, 0, 0, 0, 0, 0, 0, 0], [0, 0, 0, 0, 0, 0, 0, 0, 0, 0, 0, 0, 0, 0, 0, 0, 0, 0, 0, 0], [0, 0, 0, 0, 0, 0, 0, 0, 0, 0, 0, 0, 0, 0, 0, 0, 0, 0, 0, 0], [0, 0, 0, 0, 0, 0, 0, 0, 0, 0, 0, 0, 0, 0, 0, 0, 0, 0, 0, 0], [0, 0, 0, 0, 0, 0, 0, 0, 0, 0, 0, 0, 0, 0, 0, 0, 0, 0, 0, 0], [0, 0, 0, 0, 0, 0, 0, 0, 0, 0, 0, 0, 0, 0, 0, 0, 0, 0, 0, 0], [0, 0, 0, 0, 0, 0, 0, 0, 0, 0, 0, 0, 0, 0, 0, 0, 0, 0, 0, 0], [0, 0, 0, 0, 0, 0, 0, 0, 0, 0, 0, 0, 0, 0, 0, 0, 0, 0, 0, 0]];
t = [[0.0, 0.0, 0.0, 0.0, 0.0, 0.0, 0.0, 0.0, 0.0, 0.0, 0.0, 0.0, 0.0, 0.0, 0.0, 0.0, 0.0, 0.0, 0.0, 0.0, 0.0, 0.0, 0.0, 0.0, 0.0, 0.0, 0.0, 0.0, 0.0, 0.0, 21.959527752301554, 27.38177764585582, 18.5644359091058, 43.622305066857116, 25.646445239834428, 12.127407795759803, 26.864507611042722, 6.492578176594106, 11.789202183999974, 14.719739835525948, 19.99483887802407, 14.99151573153102, 19.37568849674631, 4.193337622620279, 28.63923895408823, 4.938869360142237, 21.379526834216335, 42.406842325233114, 36.17243613018961, 4.6479130334492975, 0.0, 0.0, 0.0, 0.0, 0.0, 0.0, 0.0, 0.0, 0.0, 0.0, 0.0, 0.0, 0.0, 0.0, 0.0, 0.0, 0.0, 0.0, 0.0, 0.0, 0.0, 0.0, 0.0, 0.0, 0.0, 0.0, 0.0, 0.0, 0.0, 0.0], [0.0, 0.0, 0.0, 0.0, 0.0, 0.0, 0.0, 0.0, 0.0, 0.0, 0.0, 0.0, 0.0, 0.0, 0.0, 0.0, 0.0, 0.0, 0.0, 0.0, 0.0, 0.0, 0.0, 0.0, 0.0, 0.0, 0.0, 0.0, 0.0, 0.0, 21.959527752301554, 27.38177764585582, 18.5644359091058, 43.622305066857116, 25.646445239834428, 12.127407795759803, 26.864507611042722, 6.492578176594106, 11.789202183999974, 14.719739835525948, 19.99483887802407, 14.99151573153102, 19.37568849674631, 4.193337622620279, 28.63923895408823, 4.938869360142237, 21.379526834216335, 42.406842325233114, 36.17243613018961, 4.6479130334492975, 0.0, 0.0, 0.0, 0.0, 0.0, 0.0, 0.0, 0.0, 0.0, 0.0, 0.0, 0.0, 0.0, 0.0, 0.0, 0.0, 0.0, 0.0, 0.0, 0.0, 0.0, 0.0, 0.0, 0.0, 0.0, 0.0, 0.0, 0.0, 0.0, 0.0], [0.0, 0.0, 0.0, 0.0, 0.0, 0.0, 0.0, 0.0, 0.0, 0.0, 0.0, 0.0, 0.0, 0.0, 0.0, 0.0, 0.0, 0.0, 0.0, 0.0, 0.0, 0.0, 0.0, 0.0, 0.0, 0.0, 0.0, 0.0, 0.0, 0.0, 21.959527752301554, 27.38177764585582, 18.5644359091058, 43.622305066857116, 25.646445239834428, 12.127407795759803, 26.864507611042722, 6.492578176594106, 11.789202183999974, 14.719739835525948, 19.99483887802407, 14.99151573153102, 19.37568849674631, 4.193337622620279, 28.63923895408823, 4.938869360142237, 21.379526834216335, 42.406842325233114, 36.17243613018961, 4.6479130334492975, 0.0, 0.0, 0.0, 0.0, 0.0, 0.0, 0.0, 0.0, 0.0, 0.0, 0.0, 0.0, 0.0, 0.0, 0.0, 0.0, 0.0, 0.0, 0.0, 0.0, 0.0, 0.0, 0.0, 0.0, 0.0, 0.0, 0.0, 0.0, 0.0, 0.0], [0.0, 0.0, 0.0, 0.0, 0.0, 0.0, 0.0, 0.0, 0.0, 0.0, 0.0, 0.0, 0.0, 0.0, 0.0, 0.0, 0.0, 0.0, 0.0, 0.0, 0.0, 0.0, 0.0, 0.0, 0.0, 0.0, 0.0, 0.0, 0.0, 0.0, 21.959527752301554, 27.38177764585582, 18.5644359091058, 43.622305066857116, 25.646445239834428, 12.127407795759803, 26.864507611042722, 6.492578176594106, 11.789202183999974, 14.719739835525948, 19.99483887802407, 14.99151573153102, 19.37568849674631, 4.193337622620279, 28.63923895408823, 4.938869360142237, 21.379526834216335, 42.406842325233114, 36.17243613018961, 4.6479130334492975, 0.0, 0.0, 0.0, 0.0, 0.0, 0.0, 0.0, 0.0, 0.0, 0.0, 0.0, 0.0, 0.0, 0.0, 0.0, 0.0, 0.0, 0.0, 0.0, 0.0, 0.0, 0.0, 0.0, 0.0, 0.0, 0.0, 0.0, 0.0, 0.0, 0.0], [0.0, 0.0, 0.0, 0.0, 0.0, 0.0, 0.0, 0.0, 0.0, 0.0, 0.0, 0.0, 0.0, 0.0, 0.0, 0.0, 0.0, 0.0, 0.0, 0.0, 0.0, 0.0, 0.0, 0.0, 0.0, 0.0, 0.0, 0.0, 0.0, 0.0, 21.959527752301554, 27.38177764585582, 18.5644359091058, 43.622305066857116, 25.646445239834428, 12.127407795759803, 26.864507611042722, 6.492578176594106, 11.789202183999974, 14.719739835525948, 19.99483887802407, 14.99151573153102, 19.37568849674631, 4.193337622620279, 28.63923895408823, 4.938869360142237, 21.379526834216335, 42.406842325233114, 36.17243613018961, 4.6479130334492975, 0.0, 0.0, 0.0, 0.0, 0.0, 0.0, 0.0, 0.0, 0.0, 0.0, 0.0, 0.0, 0.0, 0.0, 0.0, 0.0, 0.0, 0.0, 0.0, 0.0, 0.0, 0.0, 0.0, 0.0, 0.0, 0.0, 0.0, 0.0, 0.0, 0.0], [0.0, 0.0, 0.0, 0.0, 0.0, 0.0, 0.0, 0.0, 0.0, 0.0, 0.0, 0.0, 0.0, 0.0, 0.0, 0.0, 0.0, 0.0, 0.0, 0.0, 0.0, 0.0, 0.0, 0.0, 0.0, 0.0, 0.0, 0.0, 0.0, 0.0, 21.959527752301554, 27.38177764585582, 18.5644359091058, 43.622305066857116, 25.646445239834428, 12.127407795759803, 26.864507611042722, 6.492578176594106, 11.789202183999974, 14.719739835525948, 19.99483887802407, 14.99151573153102, 19.37568849674631, 4.193337622620279, 28.63923895408823, 4.938869360142237, 21.379526834216335, 42.406842325233114, 36.17243613018961, 4.6479130334492975, 0.0, 0.0, 0.0, 0.0, 0.0, 0.0, 0.0, 0.0, 0.0, 0.0, 0.0, 0.0, 0.0, 0.0, 0.0, 0.0, 0.0, 0.0, 0.0, 0.0, 0.0, 0.0, 0.0, 0.0, 0.0, 0.0, 0.0, 0.0, 0.0, 0.0], [0.0, 0.0, 0.0, 0.0, 0.0, 0.0, 0.0, 0.0, 0.0, 0.0, 0.0, 0.0, 0.0, 0.0, 0.0, 0.0, 0.0, 0.0, 0.0, 0.0, 0.0, 0.0, 0.0, 0.0, 0.0, 0.0, 0.0, 0.0, 0.0, 0.0, 21.959527752301554, 27.38177764585582, 18.5644359091058, 43.622305066857116, 25.646445239834428, 12.127407795759803, 26.864507611042722, 6.492578176594106, 11.789202183999974, 14.719739835525948, 19.99483887802407, 14.99151573153102, 19.37568849674631, 4.193337622620279, 28.63923895408823, 4.938869360142237, 21.379526834216335, 42.406842325233114, 36.17243613018961, 4.6479130334492975, 0.0, 0.0, 0.0, 0.0, 0.0, 0.0, 0.0, 0.0, 0.0, 0.0, 0.0, 0.0, 0.0, 0.0, 0.0, 0.0, 0.0, 0.0, 0.0, 0.0, 0.0, 0.0, 0.0, 0.0, 0.0, 0.0, 0.0, 0.0, 0.0, 0.0], [0.0, 0.0, 0.0, 0.0, 0.0, 0.0, 0.0, 0.0, 0.0, 0.0, 0.0, 0.0, 0.0, 0.0, 0.0, 0.0, 0.0, 0.0, 0.0, 0.0, 0.0, 0.0, 0.0, 0.0, 0.0, 0.0, 0.0, 0.0, 0.0, 0.0, 21.959527752301554, 27.38177764585582, 18.5644359091058, 43.622305066857116, 25.646445239834428, 12.127407795759803, 26.864507611042722, 6.492578176594106, 11.789202183999974, 14.719739835525948, 19.99483887802407, 14.99151573153102, 19.37568849674631, 4.193337622620279, 28.63923895408823, 4.938869360142237, 21.379526834216335, 42.406842325233114, 36.17243613018961, 4.6479130334492975, 0.0, 0.0, 0.0, 0.0, 0.0, 0.0, 0.0, 0.0, 0.0, 0.0, 0.0, 0.0, 0.0, 0.0, 0.0, 0.0, 0.0, 0.0, 0.0, 0.0, 0.0, 0.0, 0.0, 0.0, 0.0, 0.0, 0.0, 0.0, 0.0, 0.0], [0.0, 0.0, 0.0, 0.0, 0.0, 0.0, 0.0, 0.0, 0.0, 0.0, 0.0, 0.0, 0.0, 0.0, 0.0, 0.0, 0.0, 0.0, 0.0, 0.0, 0.0, 0.0, 0.0, 0.0, 0.0, 0.0, 0.0, 0.0, 0.0, 0.0, 21.959527752301554, 27.38177764585582, 18.5644359091058, 43.622305066857116, 25.646445239834428, 12.127407795759803, 26.864507611042722, 6.492578176594106, 11.789202183999974, 14.719739835525948, 19.99483887802407, 14.99151573153102, 19.37568849674631, 4.193337622620279, 28.63923895408823, 4.938869360142237, 21.379526834216335, 42.406842325233114, 36.17243613018961, 4.6479130334492975, 0.0, 0.0, 0.0, 0.0, 0.0, 0.0, 0.0, 0.0, 0.0, 0.0, 0.0, 0.0, 0.0, 0.0, 0.0, 0.0, 0.0, 0.0, 0.0, 0.0, 0.0, 0.0, 0.0, 0.0, 0.0, 0.0, 0.0, 0.0, 0.0, 0.0], [0.0, 0.0, 0.0, 0.0, 0.0, 0.0, 0.0, 0.0, 0.0, 0.0, 0.0, 0.0, 0.0, 0.0, 0.0, 0.0, 0.0, 0.0, 0.0, 0.0, 0.0, 0.0, 0.0, 0.0, 0.0, 0.0, 0.0, 0.0, 0.0, 0.0, 21.959527752301554, 27.38177764585582, 18.5644359091058, 43.622305066857116, 25.646445239834428, 12.127407795759803, 26.864507611042722, 6.492578176594106, 11.789202183999974, 14.719739835525948, 19.99483887802407, 14.99151573153102, 19.37568849674631, 4.193337622620279, 28.63923895408823, 4.938869360142237, 21.379526834216335, 42.406842325233114, 36.17243613018961, 4.6479130334492975, 0.0, 0.0, 0.0, 0.0, 0.0, 0.0, 0.0, 0.0, 0.0, 0.0, 0.0, 0.0, 0.0, 0.0, 0.0, 0.0, 0.0, 0.0, 0.0, 0.0, 0.0, 0.0, 0.0, 0.0, 0.0, 0.0, 0.0, 0.0, 0.0, 0.0], [0.0, 0.0, 0.0, 0.0, 0.0, 0.0, 0.0, 0.0, 0.0, 0.0, 0.0, 0.0, 0.0, 0.0, 0.0, 0.0, 0.0, 0.0, 0.0, 0.0, 0.0, 0.0, 0.0, 0.0, 0.0, 0.0, 0.0, 0.0, 0.0, 0.0, 21.959527752301554, 27.38177764585582, 18.5644359091058, 43.622305066857116, 25.646445239834428, 12.127407795759803, 26.864507611042722, 6.492578176594106, 11.789202183999974, 14.719739835525948, 19.99483887802407, 14.99151573153102, 19.37568849674631, 4.193337622620279, 28.63923895408823, 4.938869360142237, 21.379526834216335, 42.406842325233114, 36.17243613018961, 4.6479130334492975, 0.0, 0.0, 0.0, 0.0, 0.0, 0.0, 0.0, 0.0, 0.0, 0.0, 0.0, 0.0, 0.0, 0.0, 0.0, 0.0, 0.0, 0.0, 0.0, 0.0, 0.0, 0.0, 0.0, 0.0, 0.0, 0.0, 0.0, 0.0, 0.0, 0.0], [0.0, 0.0, 0.0, 0.0, 0.0, 0.0, 0.0, 0.0, 0.0, 0.0, 0.0, 0.0, 0.0, 0.0, 0.0, 0.0, 0.0, 0.0, 0.0, 0.0, 0.0, 0.0, 0.0, 0.0, 0.0, 0.0, 0.0, 0.0, 0.0, 0.0, 21.959527752301554, 27.38177764585582, 18.5644359091058, 43.622305066857116, 25.646445239834428, 12.127407795759803, 26.864507611042722, 6.492578176594106, 11.789202183999974, 14.719739835525948, 19.99483887802407, 14.99151573153102, 19.37568849674631, 4.193337622620279, 28.63923895408823, 4.938869360142237, 21.379526834216335, 42.406842325233114, 36.17243613018961, 4.6479130334492975, 0.0, 0.0, 0.0, 0.0, 0.0, 0.0, 0.0, 0.0, 0.0, 0.0, 0.0, 0.0, 0.0, 0.0, 0.0, 0.0, 0.0, 0.0, 0.0, 0.0, 0.0, 0.0, 0.0, 0.0, 0.0, 0.0, 0.0, 0.0, 0.0, 0.0], [0.0, 0.0, 0.0, 0.0, 0.0, 0.0, 0.0, 0.0, 0.0, 0.0, 0.0, 0.0, 0.0, 0.0, 0.0, 0.0, 0.0, 0.0, 0.0, 0.0, 0.0, 0.0, 0.0, 0.0, 0.0, 0.0, 0.0, 0.0, 0.0, 0.0, 21.959527752301554, 27.38177764585582, 18.5644359091058, 43.622305066857116, 25.646445239834428, 12.127407795759803, 26.864507611042722, 6.492578176594106, 11.789202183999974, 14.719739835525948, 19.99483887802407, 14.99151573153102, 19.37568849674631, 4.193337622620279, 28.63923895408823, 4.938869360142237, 21.379526834216335, 42.406842325233114, 36.17243613018961, 4.6479130334492975, 0.0, 0.0, 0.0, 0.0, 0.0, 0.0, 0.0, 0.0, 0.0, 0.0, 0.0, 0.0, 0.0, 0.0, 0.0, 0.0, 0.0, 0.0, 0.0, 0.0, 0.0, 0.0, 0.0, 0.0, 0.0, 0.0, 0.0, 0.0, 0.0, 0.0], [0.0, 0.0, 0.0, 0.0, 0.0, 0.0, 0.0, 0.0, 0.0, 0.0, 0.0, 0.0, 0.0, 0.0, 0.0, 0.0, 0.0, 0.0, 0.0, 0.0, 0.0, 0.0, 0.0, 0.0, 0.0, 0.0, 0.0, 0.0, 0.0, 0.0, 21.959527752301554, 27.38177764585582, 18.5644359091058, 43.622305066857116, 25.646445239834428, 12.127407795759803, 26.864507611042722, 6.492578176594106, 11.789202183999974, 14.719739835525948, 19.99483887802407, 14.99151573153102, 19.37568849674631, 4.193337622620279, 28.63923895408823, 4.938869360142237, 21.379526834216335, 42.406842325233114, 36.17243613018961, 4.6479130334492975, 0.0, 0.0, 0.0, 0.0, 0.0, 0.0, 0.0, 0.0, 0.0, 0.0, 0.0, 0.0, 0.0, 0.0, 0.0, 0.0, 0.0, 0.0, 0.0, 0.0, 0.0, 0.0, 0.0, 0.0, 0.0, 0.0, 0.0, 0.0, 0.0, 0.0], [0.0, 0.0, 0.0, 0.0, 0.0, 0.0, 0.0, 0.0, 0.0, 0.0, 0.0, 0.0, 0.0, 0.0, 0.0, 0.0, 0.0, 0.0, 0.0, 0.0, 0.0, 0.0, 0.0, 0.0, 0.0, 0.0, 0.0, 0.0, 0.0, 0.0, 21.959527752301554, 27.38177764585582, 18.5644359091058, 43.622305066857116, 25.646445239834428, 12.127407795759803, 26.864507611042722, 6.492578176594106, 11.789202183999974, 14.719739835525948, 19.99483887802407, 14.99151573153102, 19.37568849674631, 4.193337622620279, 28.63923895408823, 4.938869360142237, 21.379526834216335, 42.406842325233114, 36.17243613018961, 4.6479130334492975, 0.0, 0.0, 0.0, 0.0, 0.0, 0.0, 0.0, 0.0, 0.0, 0.0, 0.0, 0.0, 0.0, 0.0, 0.0, 0.0, 0.0, 0.0, 0.0, 0.0, 0.0, 0.0, 0.0, 0.0, 0.0, 0.0, 0.0, 0.0, 0.0, 0.0], [0.0, 0.0, 0.0, 0.0, 0.0, 0.0, 0.0, 0.0, 0.0, 0.0, 0.0, 0.0, 0.0, 0.0, 0.0, 0.0, 0.0, 0.0, 0.0, 0.0, 0.0, 0.0, 0.0, 0.0, 0.0, 0.0, 0.0, 0.0, 0.0, 0.0, 21.959527752301554, 27.38177764585582, 18.5644359091058, 43.622305066857116, 25.646445239834428, 12.127407795759803, 26.864507611042722, 6.492578176594106, 11.789202183999974, 14.719739835525948, 19.99483887802407, 14.99151573153102, 19.37568849674631, 4.193337622620279, 28.63923895408823, 4.938869360142237, 21.379526834216335, 42.406842325233114, 36.17243613018961, 4.6479130334492975, 0.0, 0.0, 0.0, 0.0, 0.0, 0.0, 0.0, 0.0, 0.0, 0.0, 0.0, 0.0, 0.0, 0.0, 0.0, 0.0, 0.0, 0.0, 0.0, 0.0, 0.0, 0.0, 0.0, 0.0, 0.0, 0.0, 0.0, 0.0, 0.0, 0.0], [0.0, 0.0, 0.0, 0.0, 0.0, 0.0, 0.0, 0.0, 0.0, 0.0, 0.0, 0.0, 0.0, 0.0, 0.0, 0.0, 0.0, 0.0, 0.0, 0.0, 0.0, 0.0, 0.0, 0.0, 0.0, 0.0, 0.0, 0.0, 0.0, 0.0, 21.959527752301554, 27.38177764585582, 18.5644359091058, 43.622305066857116, 25.646445239834428, 12.127407795759803, 26.864507611042722, 6.492578176594106, 11.789202183999974, 14.719739835525948, 19.99483887802407, 14.99151573153102, 19.37568849674631, 4.193337622620279, 28.63923895408823, 4.938869360142237, 21.379526834216335, 42.406842325233114, 36.17243613018961, 4.6479130334492975, 0.0, 0.0, 0.0, 0.0, 0.0, 0.0, 0.0, 0.0, 0.0, 0.0, 0.0, 0.0, 0.0, 0.0, 0.0, 0.0, 0.0, 0.0, 0.0, 0.0, 0.0, 0.0, 0.0, 0.0, 0.0, 0.0, 0.0, 0.0, 0.0, 0.0], [0.0, 0.0, 0.0, 0.0, 0.0, 0.0, 0.0, 0.0, 0.0, 0.0, 0.0, 0.0, 0.0, 0.0, 0.0, 0.0, 0.0, 0.0, 0.0, 0.0, 0.0, 0.0, 0.0, 0.0, 0.0, 0.0, 0.0, 0.0, 0.0, 0.0, 21.959527752301554, 27.38177764585582, 18.5644359091058, 43.622305066857116, 25.646445239834428, 12.127407795759803, 26.864507611042722, 6.492578176594106, 11.789202183999974, 14.719739835525948, 19.99483887802407, 14.99151573153102, 19.37568849674631, 4.193337622620279, 28.63923895408823, 4.938869360142237, 21.379526834216335, 42.406842325233114, 36.17243613018961, 4.6479130334492975, 0.0, 0.0, 0.0, 0.0, 0.0, 0.0, 0.0, 0.0, 0.0, 0.0, 0.0, 0.0, 0.0, 0.0, 0.0, 0.0, 0.0, 0.0, 0.0, 0.0, 0.0, 0.0, 0.0, 0.0, 0.0, 0.0, 0.0, 0.0, 0.0, 0.0], [0.0, 0.0, 0.0, 0.0, 0.0, 0.0, 0.0, 0.0, 0.0, 0.0, 0.0, 0.0, 0.0, 0.0, 0.0, 0.0, 0.0, 0.0, 0.0, 0.0, 0.0, 0.0, 0.0, 0.0, 0.0, 0.0, 0.0, 0.0, 0.0, 0.0, 21.959527752301554, 27.38177764585582, 18.5644359091058, 43.622305066857116, 25.646445239834428, 12.127407795759803, 26.864507611042722, 6.492578176594106, 11.789202183999974, 14.719739835525948, 19.99483887802407, 14.99151573153102, 19.37568849674631, 4.193337622620279, 28.63923895408823, 4.938869360142237, 21.379526834216335, 42.406842325233114, 36.17243613018961, 4.6479130334492975, 0.0, 0.0, 0.0, 0.0, 0.0, 0.0, 0.0, 0.0, 0.0, 0.0, 0.0, 0.0, 0.0, 0.0, 0.0, 0.0, 0.0, 0.0, 0.0, 0.0, 0.0, 0.0, 0.0, 0.0, 0.0, 0.0, 0.0, 0.0, 0.0, 0.0], [0.0, 0.0, 0.0, 0.0, 0.0, 0.0, 0.0, 0.0, 0.0, 0.0, 0.0, 0.0, 0.0, 0.0, 0.0, 0.0, 0.0, 0.0, 0.0, 0.0, 0.0, 0.0, 0.0, 0.0, 0.0, 0.0, 0.0, 0.0, 0.0, 0.0, 21.959527752301554, 27.38177764585582, 18.5644359091058, 43.622305066857116, 25.646445239834428, 12.127407795759803, 26.864507611042722, 6.492578176594106, 11.789202183999974, 14.719739835525948, 19.99483887802407, 14.99151573153102, 19.37568849674631, 4.193337622620279, 28.63923895408823, 4.938869360142237, 21.379526834216335, 42.406842325233114, 36.17243613018961, 4.6479130334492975, 0.0, 0.0, 0.0, 0.0, 0.0, 0.0, 0.0, 0.0, 0.0, 0.0, 0.0, 0.0, 0.0, 0.0, 0.0, 0.0, 0.0, 0.0, 0.0, 0.0, 0.0, 0.0, 0.0, 0.0, 0.0, 0.0, 0.0, 0.0, 0.0, 0.0], [0.0, 0.0, 0.0, 0.0, 0.0, 0.0, 0.0, 0.0, 0.0, 0.0, 0.0, 0.0, 0.0, 0.0, 0.0, 0.0, 0.0, 0.0, 0.0, 0.0, 0.0, 0.0, 0.0, 0.0, 0.0, 0.0, 0.0, 0.0, 0.0, 0.0, 21.959527752301554, 27.38177764585582, 18.5644359091058, 43.622305066857116, 25.646445239834428, 12.127407795759803, 26.864507611042722, 6.492578176594106, 11.789202183999974, 14.719739835525948, 19.99483887802407, 14.99151573153102, 19.37568849674631, 4.193337622620279, 28.63923895408823, 4.938869360142237, 21.379526834216335, 42.406842325233114, 36.17243613018961, 4.6479130334492975, 0.0, 0.0, 0.0, 0.0, 0.0, 0.0, 0.0, 0.0, 0.0, 0.0, 0.0, 0.0, 0.0, 0.0, 0.0, 0.0, 0.0, 0.0, 0.0, 0.0, 0.0, 0.0, 0.0, 0.0, 0.0, 0.0, 0.0, 0.0, 0.0, 0.0], [0.0, 0.0, 0.0, 0.0, 0.0, 0.0, 0.0, 0.0, 0.0, 0.0, 0.0, 0.0, 0.0, 0.0, 0.0, 0.0, 0.0, 0.0, 0.0, 0.0, 0.0, 0.0, 0.0, 0.0, 0.0, 0.0, 0.0, 0.0, 0.0, 0.0, 21.959527752301554, 27.38177764585582, 18.5644359091058, 43.622305066857116, 25.646445239834428, 12.127407795759803, 26.864507611042722, 6.492578176594106, 11.789202183999974, 14.719739835525948, 19.99483887802407, 14.99151573153102, 19.37568849674631, 4.193337622620279, 28.63923895408823, 4.938869360142237, 21.379526834216335, 42.406842325233114, 36.17243613018961, 4.6479130334492975, 0.0, 0.0, 0.0, 0.0, 0.0, 0.0, 0.0, 0.0, 0.0, 0.0, 0.0, 0.0, 0.0, 0.0, 0.0, 0.0, 0.0, 0.0, 0.0, 0.0, 0.0, 0.0, 0.0, 0.0, 0.0, 0.0, 0.0, 0.0, 0.0, 0.0], [0.0, 0.0, 0.0, 0.0, 0.0, 0.0, 0.0, 0.0, 0.0, 0.0, 0.0, 0.0, 0.0, 0.0, 0.0, 0.0, 0.0, 0.0, 0.0, 0.0, 0.0, 0.0, 0.0, 0.0, 0.0, 0.0, 0.0, 0.0, 0.0, 0.0, 21.959527752301554, 27.38177764585582, 18.5644359091058, 43.622305066857116, 25.646445239834428, 12.127407795759803, 26.864507611042722, 6.492578176594106, 11.789202183999974, 14.719739835525948, 19.99483887802407, 14.99151573153102, 19.37568849674631, 4.193337622620279, 28.63923895408823, 4.938869360142237, 21.379526834216335, 42.406842325233114, 36.17243613018961, 4.6479130334492975, 0.0, 0.0, 0.0, 0.0, 0.0, 0.0, 0.0, 0.0, 0.0, 0.0, 0.0, 0.0, 0.0, 0.0, 0.0, 0.0, 0.0, 0.0, 0.0, 0.0, 0.0, 0.0, 0.0, 0.0, 0.0, 0.0, 0.0, 0.0, 0.0, 0.0], [0.0, 0.0, 0.0, 0.0, 0.0, 0.0, 0.0, 0.0, 0.0, 0.0, 0.0, 0.0, 0.0, 0.0, 0.0, 0.0, 0.0, 0.0, 0.0, 0.0, 0.0, 0.0, 0.0, 0.0, 0.0, 0.0, 0.0, 0.0, 0.0, 0.0, 21.959527752301554, 27.38177764585582, 18.5644359091058, 43.622305066857116, 25.646445239834428, 12.127407795759803, 26.864507611042722, 6.492578176594106, 11.789202183999974, 14.719739835525948, 19.99483887802407, 14.99151573153102, 19.37568849674631, 4.193337622620279, 28.63923895408823, 4.938869360142237, 21.379526834216335, 42.406842325233114, 36.17243613018961, 4.6479130334492975, 0.0, 0.0, 0.0, 0.0, 0.0, 0.0, 0.0, 0.0, 0.0, 0.0, 0.0, 0.0, 0.0, 0.0, 0.0, 0.0, 0.0, 0.0, 0.0, 0.0, 0.0, 0.0, 0.0, 0.0, 0.0, 0.0, 0.0, 0.0, 0.0, 0.0], [0.0, 0.0, 0.0, 0.0, 0.0, 0.0, 0.0, 0.0, 0.0, 0.0, 0.0, 0.0, 0.0, 0.0, 0.0, 0.0, 0.0, 0.0, 0.0, 0.0, 0.0, 0.0, 0.0, 0.0, 0.0, 0.0, 0.0, 0.0, 0.0, 0.0, 21.959527752301554, 27.38177764585582, 18.5644359091058, 43.622305066857116, 25.646445239834428, 12.127407795759803, 26.864507611042722, 6.492578176594106, 11.789202183999974, 14.719739835525948, 19.99483887802407, 14.99151573153102, 19.37568849674631, 4.193337622620279, 28.63923895408823, 4.938869360142237, 21.379526834216335, 42.406842325233114, 36.17243613018961, 4.6479130334492975, 0.0, 0.0, 0.0, 0.0, 0.0, 0.0, 0.0, 0.0, 0.0, 0.0, 0.0, 0.0, 0.0, 0.0, 0.0, 0.0, 0.0, 0.0, 0.0, 0.0, 0.0, 0.0, 0.0, 0.0, 0.0, 0.0, 0.0, 0.0, 0.0, 0.0], [0.0, 0.0, 0.0, 0.0, 0.0, 0.0, 0.0, 0.0, 0.0, 0.0, 0.0, 0.0, 0.0, 0.0, 0.0, 0.0, 0.0, 0.0, 0.0, 0.0, 0.0, 0.0, 0.0, 0.0, 0.0, 0.0, 0.0, 0.0, 0.0, 0.0, 21.959527752301554, 27.38177764585582, 18.5644359091058, 43.622305066857116, 25.646445239834428, 12.127407795759803, 26.864507611042722, 6.492578176594106, 11.789202183999974, 14.719739835525948, 19.99483887802407, 14.99151573153102, 19.37568849674631, 4.193337622620279, 28.63923895408823, 4.938869360142237, 21.379526834216335, 42.406842325233114, 36.17243613018961, 4.6479130334492975, 0.0, 0.0, 0.0, 0.0, 0.0, 0.0, 0.0, 0.0, 0.0, 0.0, 0.0, 0.0, 0.0, 0.0, 0.0, 0.0, 0.0, 0.0, 0.0, 0.0, 0.0, 0.0, 0.0, 0.0, 0.0, 0.0, 0.0, 0.0, 0.0, 0.0], [0.0, 0.0, 0.0, 0.0, 0.0, 0.0, 0.0, 0.0, 0.0, 0.0, 0.0, 0.0, 0.0, 0.0, 0.0, 0.0, 0.0, 0.0, 0.0, 0.0, 0.0, 0.0, 0.0, 0.0, 0.0, 0.0, 0.0, 0.0, 0.0, 0.0, 21.959527752301554, 27.38177764585582, 18.5644359091058, 43.622305066857116, 25.646445239834428, 12.127407795759803, 26.864507611042722, 6.492578176594106, 11.789202183999974, 14.719739835525948, 19.99483887802407, 14.99151573153102, 19.37568849674631, 4.193337622620279, 28.63923895408823, 4.938869360142237, 21.379526834216335, 42.406842325233114, 36.17243613018961, 4.6479130334492975, 0.0, 0.0, 0.0, 0.0, 0.0, 0.0, 0.0, 0.0, 0.0, 0.0, 0.0, 0.0, 0.0, 0.0, 0.0, 0.0, 0.0, 0.0, 0.0, 0.0, 0.0, 0.0, 0.0, 0.0, 0.0, 0.0, 0.0, 0.0, 0.0, 0.0], [0.0, 0.0, 0.0, 0.0, 0.0, 0.0, 0.0, 0.0, 0.0, 0.0, 0.0, 0.0, 0.0, 0.0, 0.0, 0.0, 0.0, 0.0, 0.0, 0.0, 0.0, 0.0, 0.0, 0.0, 0.0, 0.0, 0.0, 0.0, 0.0, 0.0, 21.959527752301554, 27.38177764585582, 18.5644359091058, 43.622305066857116, 25.646445239834428, 12.127407795759803, 26.864507611042722, 6.492578176594106, 11.789202183999974, 14.719739835525948, 19.99483887802407, 14.99151573153102, 19.37568849674631, 4.193337622620279, 28.63923895408823, 4.938869360142237, 21.379526834216335, 42.406842325233114, 36.17243613018961, 4.6479130334492975, 0.0, 0.0, 0.0, 0.0, 0.0, 0.0, 0.0, 0.0, 0.0, 0.0, 0.0, 0.0, 0.0, 0.0, 0.0, 0.0, 0.0, 0.0, 0.0, 0.0, 0.0, 0.0, 0.0, 0.0, 0.0, 0.0, 0.0, 0.0, 0.0, 0.0], [0.0, 0.0, 0.0, 0.0, 0.0, 0.0, 0.0, 0.0, 0.0, 0.0, 0.0, 0.0, 0.0, 0.0, 0.0, 0.0, 0.0, 0.0, 0.0, 0.0, 0.0, 0.0, 0.0, 0.0, 0.0, 0.0, 0.0, 0.0, 0.0, 0.0, 21.959527752301554, 27.38177764585582, 18.5644359091058, 43.622305066857116, 25.646445239834428, 12.127407795759803, 26.864507611042722, 6.492578176594106, 11.789202183999974, 14.719739835525948, 19.99483887802407, 14.99151573153102, 19.37568849674631, 4.193337622620279, 28.63923895408823, 4.938869360142237, 21.379526834216335, 42.406842325233114, 36.17243613018961, 4.6479130334492975, 0.0, 0.0, 0.0, 0.0, 0.0, 0.0, 0.0, 0.0, 0.0, 0.0, 0.0, 0.0, 0.0, 0.0, 0.0, 0.0, 0.0, 0.0, 0.0, 0.0, 0.0, 0.0, 0.0, 0.0, 0.0, 0.0, 0.0, 0.0, 0.0, 0.0], [0.0, 0.0, 0.0, 0.0, 0.0, 0.0, 0.0, 0.0, 0.0, 0.0, 0.0, 0.0, 0.0, 0.0, 0.0, 0.0, 0.0, 0.0, 0.0, 0.0, 0.0, 0.0, 0.0, 0.0, 0.0, 0.0, 0.0, 0.0, 0.0, 0.0, 21.959527752301554, 27.38177764585582, 18.5644359091058, 43.622305066857116, 25.646445239834428, 12.127407795759803, 26.864507611042722, 6.492578176594106, 11.789202183999974, 14.719739835525948, 19.99483887802407, 14.99151573153102, 19.37568849674631, 4.193337622620279, 28.63923895408823, 4.938869360142237, 21.379526834216335, 42.406842325233114, 36.17243613018961, 4.6479130334492975, 0.0, 0.0, 0.0, 0.0, 0.0, 0.0, 0.0, 0.0, 0.0, 0.0, 0.0, 0.0, 0.0, 0.0, 0.0, 0.0, 0.0, 0.0, 0.0, 0.0, 0.0, 0.0, 0.0, 0.0, 0.0, 0.0, 0.0, 0.0, 0.0, 0.0], [21.959527752301554, 21.959527752301554, 21.959527752301554, 21.959527752301554, 21.959527752301554, 21.959527752301554, 21.959527752301554, 21.959527752301554, 21.959527752301554, 21.959527752301554, 21.959527752301554, 21.959527752301554, 21.959527752301554, 21.959527752301554, 21.959527752301554, 21.959527752301554, 21.959527752301554, 21.959527752301554, 21.959527752301554, 21.959527752301554, 21.959527752301554, 21.959527752301554, 21.959527752301554, 21.959527752301554, 21.959527752301554, 21.959527752301554, 21.959527752301554, 21.959527752301554, 21.959527752301554, 21.959527752301554, 0.0, 28.966183739315007, 36.22854713718546, 22.468248392297934, 22.70628511205617, 27.167250696352188, 32.271922153897975, 28.43476723362131, 16.760392771780303, 18.887708095609845, 21.185673714483908, 20.574837178787355, 34.06644833302408, 24.323117973093012, 16.239879437152076, 17.37959813042389, 26.290737417531552, 38.79518642475688, 16.839093380768364, 25.458576179081504, 21.959527752301554, 21.959527752301554, 21.959527752301554, 21.959527752301554, 21.959527752301554, 21.959527752301554, 21.959527752301554, 21.959527752301554, 21.959527752301554, 21.959527752301554, 21.959527752301554, 21.959527752301554, 21.959527752301554, 21.959527752301554, 21.959527752301554, 21.959527752301554, 21.959527752301554, 21.959527752301554, 21.959527752301554, 21.959527752301554, 21.959527752301554, 21.959527752301554, 21.959527752301554, 21.959527752301554, 21.959527752301554, 21.959527752301554, 21.959527752301554, 21.959527752301554, 21.959527752301554, 21.959527752301554], [27.38177764585582, 27.38177764585582, 27.38177764585582, 27.38177764585582, 27.38177764585582, 27.38177764585582, 27.38177764585582, 27.38177764585582, 27.38177764585582, 27.38177764585582, 27.38177764585582, 27.38177764585582, 27.38177764585582, 27.38177764585582, 27.38177764585582, 27.38177764585582, 27.38177764585582, 27.38177764585582, 27.38177764585582, 27.38177764585582, 27.38177764585582, 27.38177764585582, 27.38177764585582, 27.38177764585582, 27.38177764585582, 27.38177764585582, 27.38177764585582, 27.38177764585582, 27.38177764585582, 27.38177764585582, 28.966183739315007, 0.0, 22.81372325856858, 38.12704400697936, 47.51730143048834, 18.074575827246015, 5.298730990411614, 29.660837460378414, 34.78486647988777, 38.385473920995324, 8.535287614244645, 39.48640002158389, 17.647032388546357, 24.83154069729558, 17.629576816722597, 24.612873855257977, 6.207614251728514, 15.381133968022493, 29.189712668836336, 31.62753992669255, 27.38177764585582, 27.38177764585582, 27.38177764585582, 27.38177764585582, 27.38177764585582, 27.38177764585582, 27.38177764585582, 27.38177764585582, 27.38177764585582, 27.38177764585582, 27.38177764585582, 27.38177764585582, 27.38177764585582, 27.38177764585582, 27.38177764585582, 27.38177764585582, 27.38177764585582, 27.38177764585582, 27.38177764585582, 27.38177764585582, 27.38177764585582, 27.38177764585582, 27.38177764585582, 27.38177764585582, 27.38177764585582, 27.38177764585582, 27.38177764585582, 27.38177764585582, 27.38177764585582, 27.38177764585582], [18.5644359091058, 18.5644359091058, 18.5644359091058, 18.5644359091058, 18.5644359091058, 18.5644359091058, 18.5644359091058, 18.5644359091058, 18.5644359091058, 18.5644359091058, 18.5644359091058, 18.5644359091058, 18.5644359091058, 18.5644359091058, 18.5644359091058, 18.5644359091058, 18.5644359091058, 18.5644359091058, 18.5644359091058, 18.5644359091058, 18.5644359091058, 18.5644359091058, 18.5644359091058, 18.5644359091058, 18.5644359091058, 18.5644359091058, 18.5644359091058, 18.5644359091058, 18.5644359091058, 18.5644359091058, 36.22854713718546, 22.81372325856858, 0.0, 54.26722774718277, 44.197148001480684, 9.103884795778162, 18.830071590180825, 15.086737556517853, 30.331100532980145, 33.25767361821326, 21.06758728158315, 33.402097671394266, 5.24641282433463, 14.40757534697681, 34.730115356990844, 20.568220118870542, 17.655017441944466, 37.196807821053696, 45.50606618395116, 19.789076630918917, 18.5644359091058, 18.5644359091058, 18.5644359091058, 18.5644359091058, 18.5644359091058, 18.5644359091058, 18.5644359091058, 18.5644359091058, 18.5644359091058, 18.5644359091058, 18.5644359091058, 18.5644359091058, 18.5644359091058, 18.5644359091058, 18.5644359091058, 18.5644359091058, 18.5644359091058, 18.5644359091058, 18.5644359091058, 18.5644359091058, 18.5644359091058, 18.5644359091058, 18.5644359091058, 18.5644359091058, 18.5644359091058, 18.5644359091058, 18.5644359091058, 18.5644359091058, 18.5644359091058, 18.5644359091058], [43.622305066857116, 43.622305066857116, 43.622305066857116, 43.622305066857116, 43.622305066857116, 43.622305066857116, 43.622305066857116, 43.622305066857116, 43.622305066857116, 43.622305066857116, 43.622305066857116, 43.622305066857116, 43.622305066857116, 43.622305066857116, 43.622305066857116, 43.622305066857116, 43.622305066857116, 43.622305066857116, 43.622305066857116, 43.622305066857116, 43.622305066857116, 43.622305066857116, 43.622305066857116, 43.622305066857116, 43.622305066857116, 43.622305066857116, 43.622305066857116, 43.622305066857116, 43.622305066857116, 43.622305066857116, 22.468248392297934, 38.12704400697936, 54.26722774718277, 0.0, 41.23580652340025, 45.42506920556052, 43.16001248924055, 49.900332250440876, 39.077822305208, 40.760750319310965, 34.164402298193714, 42.43782082063713, 50.655146121691644, 45.151683236739416, 20.684745235641234, 38.74272959454915, 39.132524379829164, 39.298249125416774, 9.03701685530364, 47.548483918215595, 43.622305066857116, 43.622305066857116, 43.622305066857116, 43.622305066857116, 43.622305066857116, 43.622305066857116, 43.622305066857116, 43.622305066857116, 43.622305066857116, 43.622305066857116, 43.622305066857116, 43.622305066857116, 43.622305066857116, 43.622305066857116, 43.622305066857116, 43.622305066857116, 43.622305066857116, 43.622305066857116, 43.622305066857116, 43.622305066857116, 43.622305066857116, 43.622305066857116, 43.622305066857116, 43.622305066857116, 43.622305066857116, 43.622305066857116, 43.622305066857116, 43.622305066857116, 43.622305066857116, 43.622305066857116], [25.646445239834428, 25.646445239834428, 25.646445239834428, 25.646445239834428, 25.646445239834428, 25.646445239834428, 25.646445239834428, 25.646445239834428, 25.646445239834428, 25.646445239834428, 25.646445239834428, 25.646445239834428, 25.646445239834428, 25.646445239834428, 25.646445239834428, 25.646445239834428, 25.646445239834428, 25.646445239834428, 25.646445239834428, 25.646445239834428, 25.646445239834428, 25.646445239834428, 25.646445239834428, 25.646445239834428, 25.646445239834428, 25.646445239834428, 25.646445239834428, 25.646445239834428, 25.646445239834428, 25.646445239834428, 22.70628511205617, 47.51730143048834, 44.197148001480684, 41.23580652340025, 0.0, 37.175898689560405, 49.09395907824421, 30.114708760448494, 14.038964422224039, 10.942087060080794, 38.98208049035178, 11.013068552395946, 44.74639439811966, 29.83200943440903, 38.6654218889067, 24.896179994314238, 42.83073073920526, 60.0, 38.45605963892007, 25.148370271166172, 25.646445239834428, 25.646445239834428, 25.646445239834428, 25.646445239834428, 25.646445239834428, 25.646445239834428, 25.646445239834428, 25.646445239834428, 25.646445239834428, 25.646445239834428, 25.646445239834428, 25.646445239834428, 25.646445239834428, 25.646445239834428, 25.646445239834428, 25.646445239834428, 25.646445239834428, 25.646445239834428, 25.646445239834428, 25.646445239834428, 25.646445239834428, 25.646445239834428, 25.646445239834428, 25.646445239834428, 25.646445239834428, 25.646445239834428, 25.646445239834428, 25.646445239834428, 25.646445239834428, 25.646445239834428], [12.127407795759803, 12.127407795759803, 12.127407795759803, 12.127407795759803, 12.127407795759803, 12.127407795759803, 12.127407795759803, 12.127407795759803, 12.127407795759803, 12.127407795759803, 12.127407795759803, 12.127407795759803, 12.127407795759803, 12.127407795759803, 12.127407795759803, 12.127407795759803, 12.127407795759803, 12.127407795759803, 12.127407795759803, 12.127407795759803, 12.127407795759803, 12.127407795759803, 12.127407795759803, 12.127407795759803, 12.127407795759803, 12.127407795759803, 12.127407795759803, 12.127407795759803, 12.127407795759803, 12.127407795759803, 27.167250696352188, 18.074575827246015, 9.103884795778162, 45.42506920556052, 37.175898689560405, 0.0, 15.978324620302345, 12.015420088350918, 23.138887600636977, 26.43616563673007, 13.51845321985576, 26.926527086336634, 7.6426802291251335, 8.245763641171015, 26.47486285148685, 12.47137772505708, 11.939405267203727, 33.42768039159554, 36.79465961777329, 15.180663345043076, 12.127407795759803, 12.127407795759803, 12.127407795759803, 12.127407795759803, 12.127407795759803, 12.127407795759803, 12.127407795759803, 12.127407795759803, 12.127407795759803, 12.127407795759803, 12.127407795759803, 12.127407795759803, 12.127407795759803, 12.127407795759803, 12.127407795759803, 12.127407795759803, 12.127407795759803, 12.127407795759803, 12.127407795759803, 12.127407795759803, 12.127407795759803, 12.127407795759803, 12.127407795759803, 12.127407795759803, 12.127407795759803, 12.127407795759803, 12.127407795759803, 12.127407795759803, 12.127407795759803, 12.127407795759803], [26.864507611042722, 26.864507611042722, 26.864507611042722, 26.864507611042722, 26.864507611042722, 26.864507611042722, 26.864507611042722, 26.864507611042722, 26.864507611042722, 26.864507611042722, 26.864507611042722, 26.864507611042722, 26.864507611042722, 26.864507611042722, 26.864507611042722, 26.864507611042722, 26.864507611042722, 26.864507611042722, 26.864507611042722, 26.864507611042722, 26.864507611042722, 26.864507611042722, 26.864507611042722, 26.864507611042722, 26.864507611042722, 26.864507611042722, 26.864507611042722, 26.864507611042722, 26.864507611042722, 26.864507611042722, 32.271922153897975, 5.298730990411614, 18.830071590180825, 43.16001248924055, 49.09395907824421, 15.978324620302345, 0.0, 27.982216028385757, 35.724303732842515, 39.311402154230166, 11.087445871271647, 40.232490389795075, 13.584528958902409, 23.69171390160561, 22.525730819058346, 24.98450572346522, 6.298527265437913, 18.373333325736745, 34.168298344416506, 30.700959967240195, 26.864507611042722, 26.864507611042722, 26.864507611042722, 26.864507611042722, 26.864507611042722, 26.864507611042722, 26.864507611042722, 26.864507611042722, 26.864507611042722, 26.864507611042722, 26.864507611042722, 26.864507611042722, 26.864507611042722, 26.864507611042722, 26.864507611042722, 26.864507611042722, 26.864507611042722, 26.864507611042722, 26.864507611042722, 26.864507611042722, 26.864507611042722, 26.864507611042722, 26.864507611042722, 26.864507611042722, 26.864507611042722, 26.864507611042722, 26.864507611042722, 26.864507611042722, 26.864507611042722, 26.864507611042722], [6.492578176594106, 6.492578176594106, 6.492578176594106, 6.492578176594106, 6.492578176594106, 6.492578176594106, 6.492578176594106, 6.492578176594106, 6.492578176594106, 6.492578176594106, 6.492578176594106, 6.492578176594106, 6.492578176594106, 6.492578176594106, 6.492578176594106, 6.492578176594106, 6.492578176594106, 6.492578176594106, 6.492578176594106, 6.492578176594106, 6.492578176594106, 6.492578176594106, 6.492578176594106, 6.492578176594106, 6.492578176594106, 6.492578176594106, 6.492578176594106, 6.492578176594106, 6.492578176594106, 6.492578176594106, 28.43476723362131, 29.660837460378414, 15.086737556517853, 49.900332250440876, 30.114708760448494, 12.015420088350918, 27.982216028385757, 0.0, 17.058465499331202, 19.31607938521779, 23.469348481927653, 19.106816342733424, 17.572426617488336, 5.363249485997483, 33.92593529372733, 11.182377293495806, 23.45393882557822, 45.02641786623181, 42.21736696448144, 4.978266747941808, 6.492578176594106, 6.492578176594106, 6.492578176594106, 6.492578176594106, 6.492578176594106, 6.492578176594106, 6.492578176594106, 6.492578176594106, 6.492578176594106, 6.492578176594106, 6.492578176594106, 6.492578176594106, 6.492578176594106, 6.492578176594106, 6.492578176594106, 6.492578176594106, 6.492578176594106, 6.492578176594106, 6.492578176594106, 6.492578176594106, 6.492578176594106, 6.492578176594106, 6.492578176594106, 6.492578176594106, 6.492578176594106, 6.492578176594106, 6.492578176594106, 6.492578176594106, 6.492578176594106, 6.492578176594106], [11.789202183999974, 11.789202183999974, 11.789202183999974, 11.789202183999974, 11.789202183999974, 11.789202183999974, 11.789202183999974, 11.789202183999974, 11.789202183999974, 11.789202183999974, 11.789202183999974, 11.789202183999974, 11.789202183999974, 11.789202183999974, 11.789202183999974, 11.789202183999974, 11.789202183999974, 11.789202183999974, 11.789202183999974, 11.789202183999974, 11.789202183999974, 11.789202183999974, 11.789202183999974, 11.789202183999974, 11.789202183999974, 11.789202183999974, 11.789202183999974, 11.789202183999974, 11.789202183999974, 11.789202183999974, 16.760392771780303, 34.78486647988777, 30.331100532980145, 39.077822305208, 14.038964422224039, 23.138887600636977, 35.724303732842515, 17.058465499331202, 0.0, 3.6040862747766904, 26.363205029419735, 4.8195236009466145, 30.709036777167032, 15.923652058060835, 29.66014047820536, 10.972196875463979, 29.57966545137845, 48.46510847468299, 33.45089300713025, 12.373059737847742, 11.789202183999974, 11.789202183999974, 11.789202183999974, 11.789202183999974, 11.789202183999974, 11.789202183999974, 11.789202183999974, 11.789202183999974, 11.789202183999974, 11.789202183999974, 11.789202183999974, 11.789202183999974, 11.789202183999974, 11.789202183999974, 11.789202183999974, 11.789202183999974, 11.789202183999974, 11.789202183999974, 11.789202183999974, 11.789202183999974, 11.789202183999974, 11.789202183999974, 11.789202183999974, 11.789202183999974, 11.789202183999974, 11.789202183999974, 11.789202183999974, 11.789202183999974, 11.789202183999974, 11.789202183999974], [14.719739835525948, 14.719739835525948, 14.719739835525948, 14.719739835525948, 14.719739835525948, 14.719739835525948, 14.719739835525948, 14.719739835525948, 14.719739835525948, 14.719739835525948, 14.719739835525948, 14.719739835525948, 14.719739835525948, 14.719739835525948, 14.719739835525948, 14.719739835525948, 14.719739835525948, 14.719739835525948, 14.719739835525948, 14.719739835525948, 14.719739835525948, 14.719739835525948, 14.719739835525948, 14.719739835525948, 14.719739835525948, 14.719739835525948, 14.719739835525948, 14.719739835525948, 14.719739835525948, 14.719739835525948, 18.887708095609845, 38.385473920995324, 33.25767361821326, 40.760750319310965, 10.942087060080794, 26.43616563673007, 39.311402154230166, 19.31607938521779, 3.6040862747766904, 0.0, 29.953879115074937, 1.689888059912947, 33.93846922425001, 18.910982105491748, 32.73884597909816, 14.474844623200417, 33.178097832489286, 51.990024924301416, 35.72413657897106, 14.400064468599588, 14.719739835525948, 14.719739835525948, 14.719739835525948, 14.719739835525948, 14.719739835525948, 14.719739835525948, 14.719739835525948, 14.719739835525948, 14.719739835525948, 14.719739835525948, 14.719739835525948, 14.719739835525948, 14.719739835525948, 14.719739835525948, 14.719739835525948, 14.719739835525948, 14.719739835525948, 14.719739835525948, 14.719739835525948, 14.719739835525948, 14.719739835525948, 14.719739835525948, 14.719739835525948, 14.719739835525948, 14.719739835525948, 14.719739835525948, 14.719739835525948, 14.719739835525948, 14.719739835525948, 14.719739835525948], [19.99483887802407, 19.99483887802407, 19.99483887802407, 19.99483887802407, 19.99483887802407, 19.99483887802407, 19.99483887802407, 19.99483887802407, 19.99483887802407, 19.99483887802407, 19.99483887802407, 19.99483887802407, 19.99483887802407, 19.99483887802407, 19.99483887802407, 19.99483887802407, 19.99483887802407, 19.99483887802407, 19.99483887802407, 19.99483887802407, 19.99483887802407, 19.99483887802407, 19.99483887802407, 19.99483887802407, 19.99483887802407, 19.99483887802407, 19.99483887802407, 19.99483887802407, 19.99483887802407, 19.99483887802407, 21.185673714483908, 8.535287614244645, 21.06758728158315, 34.164402298193714, 38.98208049035178, 13.51845321985576, 11.087445871271647, 23.469348481927653, 26.363205029419735, 29.953879115074937, 0.0, 31.10881990205582, 16.77481425447558, 18.225342891148383, 13.842747461879078, 16.588192209137073, 5.307660215735991, 22.55269772840333, 25.166556134768765, 24.50640758999281, 19.99483887802407, 19.99483887802407, 19.99483887802407, 19.99483887802407, 19.99483887802407, 19.99483887802407, 19.99483887802407, 19.99483887802407, 19.99483887802407, 19.99483887802407, 19.99483887802407, 19.99483887802407, 19.99483887802407, 19.99483887802407, 19.99483887802407, 19.99483887802407, 19.99483887802407, 19.99483887802407, 19.99483887802407, 19.99483887802407, 19.99483887802407, 19.99483887802407, 19.99483887802407, 19.99483887802407, 19.99483887802407, 19.99483887802407, 19.99483887802407, 19.99483887802407, 19.99483887802407, 19.99483887802407], [14.99151573153102, 14.99151573153102, 14.99151573153102, 14.99151573153102, 14.99151573153102, 14.99151573153102, 14.99151573153102, 14.99151573153102, 14.99151573153102, 14.99151573153102, 14.99151573153102, 14.99151573153102, 14.99151573153102, 14.99151573153102, 14.99151573153102, 14.99151573153102, 14.99151573153102, 14.99151573153102, 14.99151573153102, 14.99151573153102, 14.99151573153102, 14.99151573153102, 14.99151573153102, 14.99151573153102, 14.99151573153102, 14.99151573153102, 14.99151573153102, 14.99151573153102, 14.99151573153102, 14.99151573153102, 20.574837178787355, 39.48640002158389, 33.402097671394266, 42.43782082063713, 11.013068552395946, 26.926527086336634, 40.232490389795075, 19.106816342733424, 4.8195236009466145, 1.689888059912947, 31.10881990205582, 0.0, 34.33916270751817, 19.175266821936393, 34.30022119887413, 15.278117953506236, 34.158364059109445, 53.27536250204188, 37.40993809762574, 14.136690108650512, 14.99151573153102, 14.99151573153102, 14.99151573153102, 14.99151573153102, 14.99151573153102, 14.99151573153102, 14.99151573153102, 14.99151573153102, 14.99151573153102, 14.99151573153102, 14.99151573153102, 14.99151573153102, 14.99151573153102, 14.99151573153102, 14.99151573153102, 14.99151573153102, 14.99151573153102, 14.99151573153102, 14.99151573153102, 14.99151573153102, 14.99151573153102, 14.99151573153102, 14.99151573153102, 14.99151573153102, 14.99151573153102, 14.99151573153102, 14.99151573153102, 14.99151573153102, 14.99151573153102, 14.99151573153102], [19.37568849674631, 19.37568849674631, 19.37568849674631, 19.37568849674631, 19.37568849674631, 19.37568849674631, 19.37568849674631, 19.37568849674631, 19.37568849674631, 19.37568849674631, 19.37568849674631, 19.37568849674631, 19.37568849674631, 19.37568849674631, 19.37568849674631, 19.37568849674631, 19.37568849674631, 19.37568849674631, 19.37568849674631, 19.37568849674631, 19.37568849674631, 19.37568849674631, 19.37568849674631, 19.37568849674631, 19.37568849674631, 19.37568849674631, 19.37568849674631, 19.37568849674631, 19.37568849674631, 19.37568849674631, 34.06644833302408, 17.647032388546357, 5.24641282433463, 50.655146121691644, 44.74639439811966, 7.6426802291251335, 13.584528958902409, 17.572426617488336, 30.709036777167032, 33.93846922425001, 16.77481425447558, 34.33916270751817, 0.0, 15.248836161831187, 30.609109851608483, 20.113918368880952, 12.79470259844087, 31.95393987977143, 41.74778390202418, 21.696534579646404, 19.37568849674631, 19.37568849674631, 19.37568849674631, 19.37568849674631, 19.37568849674631, 19.37568849674631, 19.37568849674631, 19.37568849674631, 19.37568849674631, 19.37568849674631, 19.37568849674631, 19.37568849674631, 19.37568849674631, 19.37568849674631, 19.37568849674631, 19.37568849674631, 19.37568849674631, 19.37568849674631, 19.37568849674631, 19.37568849674631, 19.37568849674631, 19.37568849674631, 19.37568849674631, 19.37568849674631, 19.37568849674631, 19.37568849674631, 19.37568849674631, 19.37568849674631, 19.37568849674631, 19.37568849674631], [4.193337622620279, 4.193337622620279, 4.193337622620279, 4.193337622620279, 4.193337622620279, 4.193337622620279, 4.193337622620279, 4.193337622620279, 4.193337622620279, 4.193337622620279, 4.193337622620279, 4.193337622620279, 4.193337622620279, 4.193337622620279, 4.193337622620279, 4.193337622620279, 4.193337622620279, 4.193337622620279, 4.193337622620279, 4.193337622620279, 4.193337622620279, 4.193337622620279, 4.193337622620279, 4.193337622620279, 4.193337622620279, 4.193337622620279, 4.193337622620279, 4.193337622620279, 4.193337622620279, 4.193337622620279, 24.323117973093012, 24.83154069729558, 14.40757534697681, 45.151683236739416, 29.83200943440903, 8.245763641171015, 23.69171390160561, 5.363249485997483, 15.923652058060835, 18.910982105491748, 18.225342891148383, 19.175266821936393, 15.248836161831187, 0.0, 28.622379445494875, 7.036174053443942, 18.664809747362302, 40.11775994771674, 37.23335591891892, 7.024823182366673, 4.193337622620279, 4.193337622620279, 4.193337622620279, 4.193337622620279, 4.193337622620279, 4.193337622620279, 4.193337622620279, 4.193337622620279, 4.193337622620279, 4.193337622620279, 4.193337622620279, 4.193337622620279, 4.193337622620279, 4.193337622620279, 4.193337622620279, 4.193337622620279, 4.193337622620279, 4.193337622620279, 4.193337622620279, 4.193337622620279, 4.193337622620279, 4.193337622620279, 4.193337622620279, 4.193337622620279, 4.193337622620279, 4.193337622620279, 4.193337622620279, 4.193337622620279, 4.193337622620279, 4.193337622620279], [28.63923895408823, 28.63923895408823, 28.63923895408823, 28.63923895408823, 28.63923895408823, 28.63923895408823, 28.63923895408823, 28.63923895408823, 28.63923895408823, 28.63923895408823, 28.63923895408823, 28.63923895408823, 28.63923895408823, 28.63923895408823, 28.63923895408823, 28.63923895408823, 28.63923895408823, 28.63923895408823, 28.63923895408823, 28.63923895408823, 28.63923895408823, 28.63923895408823, 28.63923895408823, 28.63923895408823, 28.63923895408823, 28.63923895408823, 28.63923895408823, 28.63923895408823, 28.63923895408823, 28.63923895408823, 16.239879437152076, 17.629576816722597, 34.730115356990844, 20.684745235641234, 38.6654218889067, 26.47486285148685, 22.525730819058346, 33.92593529372733, 29.66014047820536, 32.73884597909816, 13.842747461879078, 34.30022119887413, 30.609109851608483, 28.622379445494875, 0.0, 23.900337055076204, 18.54731688056677, 23.191916161868768, 11.659707930122973, 33.217803786658244, 28.63923895408823, 28.63923895408823, 28.63923895408823, 28.63923895408823, 28.63923895408823, 28.63923895408823, 28.63923895408823, 28.63923895408823, 28.63923895408823, 28.63923895408823, 28.63923895408823, 28.63923895408823, 28.63923895408823, 28.63923895408823, 28.63923895408823, 28.63923895408823, 28.63923895408823, 28.63923895408823, 28.63923895408823, 28.63923895408823, 28.63923895408823, 28.63923895408823, 28.63923895408823, 28.63923895408823, 28.63923895408823, 28.63923895408823, 28.63923895408823, 28.63923895408823, 28.63923895408823, 28.63923895408823], [4.938869360142237, 4.938869360142237, 4.938869360142237, 4.938869360142237, 4.938869360142237, 4.938869360142237, 4.938869360142237, 4.938869360142237, 4.938869360142237, 4.938869360142237, 4.938869360142237, 4.938869360142237, 4.938869360142237, 4.938869360142237, 4.938869360142237, 4.938869360142237, 4.938869360142237, 4.938869360142237, 4.938869360142237, 4.938869360142237, 4.938869360142237, 4.938869360142237, 4.938869360142237, 4.938869360142237, 4.938869360142237, 4.938869360142237, 4.938869360142237, 4.938869360142237, 4.938869360142237, 4.938869360142237, 17.37959813042389, 24.612873855257977, 20.568220118870542, 38.74272959454915, 24.896179994314238, 12.47137772505708, 24.98450572346522, 11.182377293495806, 10.972196875463979, 14.474844623200417, 16.588192209137073, 15.278117953506236, 20.113918368880952, 7.036174053443942, 23.900337055076204, 0.0, 19.003008493495646, 39.13546948254959, 31.23441681173838, 9.349032671588569, 4.938869360142237, 4.938869360142237, 4.938869360142237, 4.938869360142237, 4.938869360142237, 4.938869360142237, 4.938869360142237, 4.938869360142237, 4.938869360142237, 4.938869360142237, 4.938869360142237, 4.938869360142237, 4.938869360142237, 4.938869360142237, 4.938869360142237, 4.938869360142237, 4.938869360142237, 4.938869360142237, 4.938869360142237, 4.938869360142237, 4.938869360142237, 4.938869360142237, 4.938869360142237, 4.938869360142237, 4.938869360142237, 4.938869360142237, 4.938869360142237, 4.938869360142237, 4.938869360142237, 4.938869360142237], [21.379526834216335, 21.379526834216335, 21.379526834216335, 21.379526834216335, 21.379526834216335, 21.379526834216335, 21.379526834216335, 21.379526834216335, 21.379526834216335, 21.379526834216335, 21.379526834216335, 21.379526834216335, 21.379526834216335, 21.379526834216335, 21.379526834216335, 21.379526834216335, 21.379526834216335, 21.379526834216335, 21.379526834216335, 21.379526834216335, 21.379526834216335, 21.379526834216335, 21.379526834216335, 21.379526834216335, 21.379526834216335, 21.379526834216335, 21.379526834216335, 21.379526834216335, 21.379526834216335, 21.379526834216335, 26.290737417531552, 6.207614251728514, 17.655017441944466, 39.132524379829164, 42.83073073920526, 11.939405267203727, 6.298527265437913, 23.45393882557822, 29.57966545137845, 33.178097832489286, 5.307660215735991, 34.158364059109445, 12.79470259844087, 18.664809747362302, 18.54731688056677, 19.003008493495646, 0.0, 21.584862812750217, 30.10038359525811, 25.522043646400675, 21.379526834216335, 21.379526834216335, 21.379526834216335, 21.379526834216335, 21.379526834216335, 21.379526834216335, 21.379526834216335, 21.379526834216335, 21.379526834216335, 21.379526834216335, 21.379526834216335, 21.379526834216335, 21.379526834216335, 21.379526834216335, 21.379526834216335, 21.379526834216335, 21.379526834216335, 21.379526834216335, 21.379526834216335, 21.379526834216335, 21.379526834216335, 21.379526834216335, 21.379526834216335, 21.379526834216335, 21.379526834216335, 21.379526834216335, 21.379526834216335, 21.379526834216335, 21.379526834216335, 21.379526834216335], [42.406842325233114, 42.406842325233114, 42.406842325233114, 42.406842325233114, 42.406842325233114, 42.406842325233114, 42.406842325233114, 42.406842325233114, 42.406842325233114, 42.406842325233114, 42.406842325233114, 42.406842325233114, 42.406842325233114, 42.406842325233114, 42.406842325233114, 42.406842325233114, 42.406842325233114, 42.406842325233114, 42.406842325233114, 42.406842325233114, 42.406842325233114, 42.406842325233114, 42.406842325233114, 42.406842325233114, 42.406842325233114, 42.406842325233114, 42.406842325233114, 42.406842325233114, 42.406842325233114, 42.406842325233114, 38.79518642475688, 15.381133968022493, 37.196807821053696, 39.298249125416774, 60.0, 33.42768039159554, 18.373333325736745, 45.02641786623181, 48.46510847468299, 51.990024924301416, 22.55269772840333, 53.27536250204188, 31.95393987977143, 40.11775994771674, 23.191916161868768, 39.13546948254959, 21.584862812750217, 0.0, 31.823774428370616, 46.791748419838434, 42.406842325233114, 42.406842325233114, 42.406842325233114, 42.406842325233114, 42.406842325233114, 42.406842325233114, 42.406842325233114, 42.406842325233114, 42.406842325233114, 42.406842325233114, 42.406842325233114, 42.406842325233114, 42.406842325233114, 42.406842325233114, 42.406842325233114, 42.406842325233114, 42.406842325233114, 42.406842325233114, 42.406842325233114, 42.406842325233114, 42.406842325233114, 42.406842325233114, 42.406842325233114, 42.406842325233114, 42.406842325233114, 42.406842325233114, 42.406842325233114, 42.406842325233114, 42.406842325233114, 42.406842325233114], [36.17243613018961, 36.17243613018961, 36.17243613018961, 36.17243613018961, 36.17243613018961, 36.17243613018961, 36.17243613018961, 36.17243613018961, 36.17243613018961, 36.17243613018961, 36.17243613018961, 36.17243613018961, 36.17243613018961, 36.17243613018961, 36.17243613018961, 36.17243613018961, 36.17243613018961, 36.17243613018961, 36.17243613018961, 36.17243613018961, 36.17243613018961, 36.17243613018961, 36.17243613018961, 36.17243613018961, 36.17243613018961, 36.17243613018961, 36.17243613018961, 36.17243613018961, 36.17243613018961, 36.17243613018961, 16.839093380768364, 29.189712668836336, 45.50606618395116, 9.03701685530364, 38.45605963892007, 36.79465961777329, 34.168298344416506, 42.21736696448144, 33.45089300713025, 35.72413657897106, 25.166556134768765, 37.40993809762574, 41.74778390202418, 37.23335591891892, 11.659707930122973, 31.23441681173838, 30.10038359525811, 31.823774428370616, 0.0, 40.382913546459754, 36.17243613018961, 36.17243613018961, 36.17243613018961, 36.17243613018961, 36.17243613018961, 36.17243613018961, 36.17243613018961, 36.17243613018961, 36.17243613018961, 36.17243613018961, 36.17243613018961, 36.17243613018961, 36.17243613018961, 36.17243613018961, 36.17243613018961, 36.17243613018961, 36.17243613018961, 36.17243613018961, 36.17243613018961, 36.17243613018961, 36.17243613018961, 36.17243613018961, 36.17243613018961, 36.17243613018961, 36.17243613018961, 36.17243613018961, 36.17243613018961, 36.17243613018961, 36.17243613018961, 36.17243613018961], [4.6479130334492975, 4.6479130334492975, 4.6479130334492975, 4.6479130334492975, 4.6479130334492975, 4.6479130334492975, 4.6479130334492975, 4.6479130334492975, 4.6479130334492975, 4.6479130334492975, 4.6479130334492975, 4.6479130334492975, 4.6479130334492975, 4.6479130334492975, 4.6479130334492975, 4.6479130334492975, 4.6479130334492975, 4.6479130334492975, 4.6479130334492975, 4.6479130334492975, 4.6479130334492975, 4.6479130334492975, 4.6479130334492975, 4.6479130334492975, 4.6479130334492975, 4.6479130334492975, 4.6479130334492975, 4.6479130334492975, 4.6479130334492975, 4.6479130334492975, 25.458576179081504, 31.62753992669255, 19.789076630918917, 47.548483918215595, 25.148370271166172, 15.180663345043076, 30.700959967240195, 4.978266747941808, 12.373059737847742, 14.400064468599588, 24.50640758999281, 14.136690108650512, 21.696534579646404, 7.024823182366673, 33.217803786658244, 9.349032671588569, 25.522043646400675, 46.791748419838434, 40.382913546459754, 0.0, 4.6479130334492975, 4.6479130334492975, 4.6479130334492975, 4.6479130334492975, 4.6479130334492975, 4.6479130334492975, 4.6479130334492975, 4.6479130334492975, 4.6479130334492975, 4.6479130334492975, 4.6479130334492975, 4.6479130334492975, 4.6479130334492975, 4.6479130334492975, 4.6479130334492975, 4.6479130334492975, 4.6479130334492975, 4.6479130334492975, 4.6479130334492975, 4.6479130334492975, 4.6479130334492975, 4.6479130334492975, 4.6479130334492975, 4.6479130334492975, 4.6479130334492975, 4.6479130334492975, 4.6479130334492975, 4.6479130334492975, 4.6479130334492975, 4.6479130334492975], [0.0, 0.0, 0.0, 0.0, 0.0, 0.0, 0.0, 0.0, 0.0, 0.0, 0.0, 0.0, 0.0, 0.0, 0.0, 0.0, 0.0, 0.0, 0.0, 0.0, 0.0, 0.0, 0.0, 0.0, 0.0, 0.0, 0.0, 0.0, 0.0, 0.0, 21.959527752301554, 27.38177764585582, 18.5644359091058, 43.622305066857116, 25.646445239834428, 12.127407795759803, 26.864507611042722, 6.492578176594106, 11.789202183999974, 14.719739835525948, 19.99483887802407, 14.99151573153102, 19.37568849674631, 4.193337622620279, 28.63923895408823, 4.938869360142237, 21.379526834216335, 42.406842325233114, 36.17243613018961, 4.6479130334492975, 0.0, 0.0, 0.0, 0.0, 0.0, 0.0, 0.0, 0.0, 0.0, 0.0, 0.0, 0.0, 0.0, 0.0, 0.0, 0.0, 0.0, 0.0, 0.0, 0.0, 0.0, 0.0, 0.0, 0.0, 0.0, 0.0, 0.0, 0.0, 0.0, 0.0], [0.0, 0.0, 0.0, 0.0, 0.0, 0.0, 0.0, 0.0, 0.0, 0.0, 0.0, 0.0, 0.0, 0.0, 0.0, 0.0, 0.0, 0.0, 0.0, 0.0, 0.0, 0.0, 0.0, 0.0, 0.0, 0.0, 0.0, 0.0, 0.0, 0.0, 21.959527752301554, 27.38177764585582, 18.5644359091058, 43.622305066857116, 25.646445239834428, 12.127407795759803, 26.864507611042722, 6.492578176594106, 11.789202183999974, 14.719739835525948, 19.99483887802407, 14.99151573153102, 19.37568849674631, 4.193337622620279, 28.63923895408823, 4.938869360142237, 21.379526834216335, 42.406842325233114, 36.17243613018961, 4.6479130334492975, 0.0, 0.0, 0.0, 0.0, 0.0, 0.0, 0.0, 0.0, 0.0, 0.0, 0.0, 0.0, 0.0, 0.0, 0.0, 0.0, 0.0, 0.0, 0.0, 0.0, 0.0, 0.0, 0.0, 0.0, 0.0, 0.0, 0.0, 0.0, 0.0, 0.0], [0.0, 0.0, 0.0, 0.0, 0.0, 0.0, 0.0, 0.0, 0.0, 0.0, 0.0, 0.0, 0.0, 0.0, 0.0, 0.0, 0.0, 0.0, 0.0, 0.0, 0.0, 0.0, 0.0, 0.0, 0.0, 0.0, 0.0, 0.0, 0.0, 0.0, 21.959527752301554, 27.38177764585582, 18.5644359091058, 43.622305066857116, 25.646445239834428, 12.127407795759803, 26.864507611042722, 6.492578176594106, 11.789202183999974, 14.719739835525948, 19.99483887802407, 14.99151573153102, 19.37568849674631, 4.193337622620279, 28.63923895408823, 4.938869360142237, 21.379526834216335, 42.406842325233114, 36.17243613018961, 4.6479130334492975, 0.0, 0.0, 0.0, 0.0, 0.0, 0.0, 0.0, 0.0, 0.0, 0.0, 0.0, 0.0, 0.0, 0.0, 0.0, 0.0, 0.0, 0.0, 0.0, 0.0, 0.0, 0.0, 0.0, 0.0, 0.0, 0.0, 0.0, 0.0, 0.0, 0.0], [0.0, 0.0, 0.0, 0.0, 0.0, 0.0, 0.0, 0.0, 0.0, 0.0, 0.0, 0.0, 0.0, 0.0, 0.0, 0.0, 0.0, 0.0, 0.0, 0.0, 0.0, 0.0, 0.0, 0.0, 0.0, 0.0, 0.0, 0.0, 0.0, 0.0, 21.959527752301554, 27.38177764585582, 18.5644359091058, 43.622305066857116, 25.646445239834428, 12.127407795759803, 26.864507611042722, 6.492578176594106, 11.789202183999974, 14.719739835525948, 19.99483887802407, 14.99151573153102, 19.37568849674631, 4.193337622620279, 28.63923895408823, 4.938869360142237, 21.379526834216335, 42.406842325233114, 36.17243613018961, 4.6479130334492975, 0.0, 0.0, 0.0, 0.0, 0.0, 0.0, 0.0, 0.0, 0.0, 0.0, 0.0, 0.0, 0.0, 0.0, 0.0, 0.0, 0.0, 0.0, 0.0, 0.0, 0.0, 0.0, 0.0, 0.0, 0.0, 0.0, 0.0, 0.0, 0.0, 0.0], [0.0, 0.0, 0.0, 0.0, 0.0, 0.0, 0.0, 0.0, 0.0, 0.0, 0.0, 0.0, 0.0, 0.0, 0.0, 0.0, 0.0, 0.0, 0.0, 0.0, 0.0, 0.0, 0.0, 0.0, 0.0, 0.0, 0.0, 0.0, 0.0, 0.0, 21.959527752301554, 27.38177764585582, 18.5644359091058, 43.622305066857116, 25.646445239834428, 12.127407795759803, 26.864507611042722, 6.492578176594106, 11.789202183999974, 14.719739835525948, 19.99483887802407, 14.99151573153102, 19.37568849674631, 4.193337622620279, 28.63923895408823, 4.938869360142237, 21.379526834216335, 42.406842325233114, 36.17243613018961, 4.6479130334492975, 0.0, 0.0, 0.0, 0.0, 0.0, 0.0, 0.0, 0.0, 0.0, 0.0, 0.0, 0.0, 0.0, 0.0, 0.0, 0.0, 0.0, 0.0, 0.0, 0.0, 0.0, 0.0, 0.0, 0.0, 0.0, 0.0, 0.0, 0.0, 0.0, 0.0], [0.0, 0.0, 0.0, 0.0, 0.0, 0.0, 0.0, 0.0, 0.0, 0.0, 0.0, 0.0, 0.0, 0.0, 0.0, 0.0, 0.0, 0.0, 0.0, 0.0, 0.0, 0.0, 0.0, 0.0, 0.0, 0.0, 0.0, 0.0, 0.0, 0.0, 21.959527752301554, 27.38177764585582, 18.5644359091058, 43.622305066857116, 25.646445239834428, 12.127407795759803, 26.864507611042722, 6.492578176594106, 11.789202183999974, 14.719739835525948, 19.99483887802407, 14.99151573153102, 19.37568849674631, 4.193337622620279, 28.63923895408823, 4.938869360142237, 21.379526834216335, 42.406842325233114, 36.17243613018961, 4.6479130334492975, 0.0, 0.0, 0.0, 0.0, 0.0, 0.0, 0.0, 0.0, 0.0, 0.0, 0.0, 0.0, 0.0, 0.0, 0.0, 0.0, 0.0, 0.0, 0.0, 0.0, 0.0, 0.0, 0.0, 0.0, 0.0, 0.0, 0.0, 0.0, 0.0, 0.0], [0.0, 0.0, 0.0, 0.0, 0.0, 0.0, 0.0, 0.0, 0.0, 0.0, 0.0, 0.0, 0.0, 0.0, 0.0, 0.0, 0.0, 0.0, 0.0, 0.0, 0.0, 0.0, 0.0, 0.0, 0.0, 0.0, 0.0, 0.0, 0.0, 0.0, 21.959527752301554, 27.38177764585582, 18.5644359091058, 43.622305066857116, 25.646445239834428, 12.127407795759803, 26.864507611042722, 6.492578176594106, 11.789202183999974, 14.719739835525948, 19.99483887802407, 14.99151573153102, 19.37568849674631, 4.193337622620279, 28.63923895408823, 4.938869360142237, 21.379526834216335, 42.406842325233114, 36.17243613018961, 4.6479130334492975, 0.0, 0.0, 0.0, 0.0, 0.0, 0.0, 0.0, 0.0, 0.0, 0.0, 0.0, 0.0, 0.0, 0.0, 0.0, 0.0, 0.0, 0.0, 0.0, 0.0, 0.0, 0.0, 0.0, 0.0, 0.0, 0.0, 0.0, 0.0, 0.0, 0.0], [0.0, 0.0, 0.0, 0.0, 0.0, 0.0, 0.0, 0.0, 0.0, 0.0, 0.0, 0.0, 0.0, 0.0, 0.0, 0.0, 0.0, 0.0, 0.0, 0.0, 0.0, 0.0, 0.0, 0.0, 0.0, 0.0, 0.0, 0.0, 0.0, 0.0, 21.959527752301554, 27.38177764585582, 18.5644359091058, 43.622305066857116, 25.646445239834428, 12.127407795759803, 26.864507611042722, 6.492578176594106, 11.789202183999974, 14.719739835525948, 19.99483887802407, 14.99151573153102, 19.37568849674631, 4.193337622620279, 28.63923895408823, 4.938869360142237, 21.379526834216335, 42.406842325233114, 36.17243613018961, 4.6479130334492975, 0.0, 0.0, 0.0, 0.0, 0.0, 0.0, 0.0, 0.0, 0.0, 0.0, 0.0, 0.0, 0.0, 0.0, 0.0, 0.0, 0.0, 0.0, 0.0, 0.0, 0.0, 0.0, 0.0, 0.0, 0.0, 0.0, 0.0, 0.0, 0.0, 0.0], [0.0, 0.0, 0.0, 0.0, 0.0, 0.0, 0.0, 0.0, 0.0, 0.0, 0.0, 0.0, 0.0, 0.0, 0.0, 0.0, 0.0, 0.0, 0.0, 0.0, 0.0, 0.0, 0.0, 0.0, 0.0, 0.0, 0.0, 0.0, 0.0, 0.0, 21.959527752301554, 27.38177764585582, 18.5644359091058, 43.622305066857116, 25.646445239834428, 12.127407795759803, 26.864507611042722, 6.492578176594106, 11.789202183999974, 14.719739835525948, 19.99483887802407, 14.99151573153102, 19.37568849674631, 4.193337622620279, 28.63923895408823, 4.938869360142237, 21.379526834216335, 42.406842325233114, 36.17243613018961, 4.6479130334492975, 0.0, 0.0, 0.0, 0.0, 0.0, 0.0, 0.0, 0.0, 0.0, 0.0, 0.0, 0.0, 0.0, 0.0, 0.0, 0.0, 0.0, 0.0, 0.0, 0.0, 0.0, 0.0, 0.0, 0.0, 0.0, 0.0, 0.0, 0.0, 0.0, 0.0], [0.0, 0.0, 0.0, 0.0, 0.0, 0.0, 0.0, 0.0, 0.0, 0.0, 0.0, 0.0, 0.0, 0.0, 0.0, 0.0, 0.0, 0.0, 0.0, 0.0, 0.0, 0.0, 0.0, 0.0, 0.0, 0.0, 0.0, 0.0, 0.0, 0.0, 21.959527752301554, 27.38177764585582, 18.5644359091058, 43.622305066857116, 25.646445239834428, 12.127407795759803, 26.864507611042722, 6.492578176594106, 11.789202183999974, 14.719739835525948, 19.99483887802407, 14.99151573153102, 19.37568849674631, 4.193337622620279, 28.63923895408823, 4.938869360142237, 21.379526834216335, 42.406842325233114, 36.17243613018961, 4.6479130334492975, 0.0, 0.0, 0.0, 0.0, 0.0, 0.0, 0.0, 0.0, 0.0, 0.0, 0.0, 0.0, 0.0, 0.0, 0.0, 0.0, 0.0, 0.0, 0.0, 0.0, 0.0, 0.0, 0.0, 0.0, 0.0, 0.0, 0.0, 0.0, 0.0, 0.0], [0.0, 0.0, 0.0, 0.0, 0.0, 0.0, 0.0, 0.0, 0.0, 0.0, 0.0, 0.0, 0.0, 0.0, 0.0, 0.0, 0.0, 0.0, 0.0, 0.0, 0.0, 0.0, 0.0, 0.0, 0.0, 0.0, 0.0, 0.0, 0.0, 0.0, 21.959527752301554, 27.38177764585582, 18.5644359091058, 43.622305066857116, 25.646445239834428, 12.127407795759803, 26.864507611042722, 6.492578176594106, 11.789202183999974, 14.719739835525948, 19.99483887802407, 14.99151573153102, 19.37568849674631, 4.193337622620279, 28.63923895408823, 4.938869360142237, 21.379526834216335, 42.406842325233114, 36.17243613018961, 4.6479130334492975, 0.0, 0.0, 0.0, 0.0, 0.0, 0.0, 0.0, 0.0, 0.0, 0.0, 0.0, 0.0, 0.0, 0.0, 0.0, 0.0, 0.0, 0.0, 0.0, 0.0, 0.0, 0.0, 0.0, 0.0, 0.0, 0.0, 0.0, 0.0, 0.0, 0.0], [0.0, 0.0, 0.0, 0.0, 0.0, 0.0, 0.0, 0.0, 0.0, 0.0, 0.0, 0.0, 0.0, 0.0, 0.0, 0.0, 0.0, 0.0, 0.0, 0.0, 0.0, 0.0, 0.0, 0.0, 0.0, 0.0, 0.0, 0.0, 0.0, 0.0, 21.959527752301554, 27.38177764585582, 18.5644359091058, 43.622305066857116, 25.646445239834428, 12.127407795759803, 26.864507611042722, 6.492578176594106, 11.789202183999974, 14.719739835525948, 19.99483887802407, 14.99151573153102, 19.37568849674631, 4.193337622620279, 28.63923895408823, 4.938869360142237, 21.379526834216335, 42.406842325233114, 36.17243613018961, 4.6479130334492975, 0.0, 0.0, 0.0, 0.0, 0.0, 0.0, 0.0, 0.0, 0.0, 0.0, 0.0, 0.0, 0.0, 0.0, 0.0, 0.0, 0.0, 0.0, 0.0, 0.0, 0.0, 0.0, 0.0, 0.0, 0.0, 0.0, 0.0, 0.0, 0.0, 0.0], [0.0, 0.0, 0.0, 0.0, 0.0, 0.0, 0.0, 0.0, 0.0, 0.0, 0.0, 0.0, 0.0, 0.0, 0.0, 0.0, 0.0, 0.0, 0.0, 0.0, 0.0, 0.0, 0.0, 0.0, 0.0, 0.0, 0.0, 0.0, 0.0, 0.0, 21.959527752301554, 27.38177764585582, 18.5644359091058, 43.622305066857116, 25.646445239834428, 12.127407795759803, 26.864507611042722, 6.492578176594106, 11.789202183999974, 14.719739835525948, 19.99483887802407, 14.99151573153102, 19.37568849674631, 4.193337622620279, 28.63923895408823, 4.938869360142237, 21.379526834216335, 42.406842325233114, 36.17243613018961, 4.6479130334492975, 0.0, 0.0, 0.0, 0.0, 0.0, 0.0, 0.0, 0.0, 0.0, 0.0, 0.0, 0.0, 0.0, 0.0, 0.0, 0.0, 0.0, 0.0, 0.0, 0.0, 0.0, 0.0, 0.0, 0.0, 0.0, 0.0, 0.0, 0.0, 0.0, 0.0], [0.0, 0.0, 0.0, 0.0, 0.0, 0.0, 0.0, 0.0, 0.0, 0.0, 0.0, 0.0, 0.0, 0.0, 0.0, 0.0, 0.0, 0.0, 0.0, 0.0, 0.0, 0.0, 0.0, 0.0, 0.0, 0.0, 0.0, 0.0, 0.0, 0.0, 21.959527752301554, 27.38177764585582, 18.5644359091058, 43.622305066857116, 25.646445239834428, 12.127407795759803, 26.864507611042722, 6.492578176594106, 11.789202183999974, 14.719739835525948, 19.99483887802407, 14.99151573153102, 19.37568849674631, 4.193337622620279, 28.63923895408823, 4.938869360142237, 21.379526834216335, 42.406842325233114, 36.17243613018961, 4.6479130334492975, 0.0, 0.0, 0.0, 0.0, 0.0, 0.0, 0.0, 0.0, 0.0, 0.0, 0.0, 0.0, 0.0, 0.0, 0.0, 0.0, 0.0, 0.0, 0.0, 0.0, 0.0, 0.0, 0.0, 0.0, 0.0, 0.0, 0.0, 0.0, 0.0, 0.0], [0.0, 0.0, 0.0, 0.0, 0.0, 0.0, 0.0, 0.0, 0.0, 0.0, 0.0, 0.0, 0.0, 0.0, 0.0, 0.0, 0.0, 0.0, 0.0, 0.0, 0.0, 0.0, 0.0, 0.0, 0.0, 0.0, 0.0, 0.0, 0.0, 0.0, 21.959527752301554, 27.38177764585582, 18.5644359091058, 43.622305066857116, 25.646445239834428, 12.127407795759803, 26.864507611042722, 6.492578176594106, 11.789202183999974, 14.719739835525948, 19.99483887802407, 14.99151573153102, 19.37568849674631, 4.193337622620279, 28.63923895408823, 4.938869360142237, 21.379526834216335, 42.406842325233114, 36.17243613018961, 4.6479130334492975, 0.0, 0.0, 0.0, 0.0, 0.0, 0.0, 0.0, 0.0, 0.0, 0.0, 0.0, 0.0, 0.0, 0.0, 0.0, 0.0, 0.0, 0.0, 0.0, 0.0, 0.0, 0.0, 0.0, 0.0, 0.0, 0.0, 0.0, 0.0, 0.0, 0.0], [0.0, 0.0, 0.0, 0.0, 0.0, 0.0, 0.0, 0.0, 0.0, 0.0, 0.0, 0.0, 0.0, 0.0, 0.0, 0.0, 0.0, 0.0, 0.0, 0.0, 0.0, 0.0, 0.0, 0.0, 0.0, 0.0, 0.0, 0.0, 0.0, 0.0, 21.959527752301554, 27.38177764585582, 18.5644359091058, 43.622305066857116, 25.646445239834428, 12.127407795759803, 26.864507611042722, 6.492578176594106, 11.789202183999974, 14.719739835525948, 19.99483887802407, 14.99151573153102, 19.37568849674631, 4.193337622620279, 28.63923895408823, 4.938869360142237, 21.379526834216335, 42.406842325233114, 36.17243613018961, 4.6479130334492975, 0.0, 0.0, 0.0, 0.0, 0.0, 0.0, 0.0, 0.0, 0.0, 0.0, 0.0, 0.0, 0.0, 0.0, 0.0, 0.0, 0.0, 0.0, 0.0, 0.0, 0.0, 0.0, 0.0, 0.0, 0.0, 0.0, 0.0, 0.0, 0.0, 0.0], [0.0, 0.0, 0.0, 0.0, 0.0, 0.0, 0.0, 0.0, 0.0, 0.0, 0.0, 0.0, 0.0, 0.0, 0.0, 0.0, 0.0, 0.0, 0.0, 0.0, 0.0, 0.0, 0.0, 0.0, 0.0, 0.0, 0.0, 0.0, 0.0, 0.0, 21.959527752301554, 27.38177764585582, 18.5644359091058, 43.622305066857116, 25.646445239834428, 12.127407795759803, 26.864507611042722, 6.492578176594106, 11.789202183999974, 14.719739835525948, 19.99483887802407, 14.99151573153102, 19.37568849674631, 4.193337622620279, 28.63923895408823, 4.938869360142237, 21.379526834216335, 42.406842325233114, 36.17243613018961, 4.6479130334492975, 0.0, 0.0, 0.0, 0.0, 0.0, 0.0, 0.0, 0.0, 0.0, 0.0, 0.0, 0.0, 0.0, 0.0, 0.0, 0.0, 0.0, 0.0, 0.0, 0.0, 0.0, 0.0, 0.0, 0.0, 0.0, 0.0, 0.0, 0.0, 0.0, 0.0], [0.0, 0.0, 0.0, 0.0, 0.0, 0.0, 0.0, 0.0, 0.0, 0.0, 0.0, 0.0, 0.0, 0.0, 0.0, 0.0, 0.0, 0.0, 0.0, 0.0, 0.0, 0.0, 0.0, 0.0, 0.0, 0.0, 0.0, 0.0, 0.0, 0.0, 21.959527752301554, 27.38177764585582, 18.5644359091058, 43.622305066857116, 25.646445239834428, 12.127407795759803, 26.864507611042722, 6.492578176594106, 11.789202183999974, 14.719739835525948, 19.99483887802407, 14.99151573153102, 19.37568849674631, 4.193337622620279, 28.63923895408823, 4.938869360142237, 21.379526834216335, 42.406842325233114, 36.17243613018961, 4.6479130334492975, 0.0, 0.0, 0.0, 0.0, 0.0, 0.0, 0.0, 0.0, 0.0, 0.0, 0.0, 0.0, 0.0, 0.0, 0.0, 0.0, 0.0, 0.0, 0.0, 0.0, 0.0, 0.0, 0.0, 0.0, 0.0, 0.0, 0.0, 0.0, 0.0, 0.0], [0.0, 0.0, 0.0, 0.0, 0.0, 0.0, 0.0, 0.0, 0.0, 0.0, 0.0, 0.0, 0.0, 0.0, 0.0, 0.0, 0.0, 0.0, 0.0, 0.0, 0.0, 0.0, 0.0, 0.0, 0.0, 0.0, 0.0, 0.0, 0.0, 0.0, 21.959527752301554, 27.38177764585582, 18.5644359091058, 43.622305066857116, 25.646445239834428, 12.127407795759803, 26.864507611042722, 6.492578176594106, 11.789202183999974, 14.719739835525948, 19.99483887802407, 14.99151573153102, 19.37568849674631, 4.193337622620279, 28.63923895408823, 4.938869360142237, 21.379526834216335, 42.406842325233114, 36.17243613018961, 4.6479130334492975, 0.0, 0.0, 0.0, 0.0, 0.0, 0.0, 0.0, 0.0, 0.0, 0.0, 0.0, 0.0, 0.0, 0.0, 0.0, 0.0, 0.0, 0.0, 0.0, 0.0, 0.0, 0.0, 0.0, 0.0, 0.0, 0.0, 0.0, 0.0, 0.0, 0.0], [0.0, 0.0, 0.0, 0.0, 0.0, 0.0, 0.0, 0.0, 0.0, 0.0, 0.0, 0.0, 0.0, 0.0, 0.0, 0.0, 0.0, 0.0, 0.0, 0.0, 0.0, 0.0, 0.0, 0.0, 0.0, 0.0, 0.0, 0.0, 0.0, 0.0, 21.959527752301554, 27.38177764585582, 18.5644359091058, 43.622305066857116, 25.646445239834428, 12.127407795759803, 26.864507611042722, 6.492578176594106, 11.789202183999974, 14.719739835525948, 19.99483887802407, 14.99151573153102, 19.37568849674631, 4.193337622620279, 28.63923895408823, 4.938869360142237, 21.379526834216335, 42.406842325233114, 36.17243613018961, 4.6479130334492975, 0.0, 0.0, 0.0, 0.0, 0.0, 0.0, 0.0, 0.0, 0.0, 0.0, 0.0, 0.0, 0.0, 0.0, 0.0, 0.0, 0.0, 0.0, 0.0, 0.0, 0.0, 0.0, 0.0, 0.0, 0.0, 0.0, 0.0, 0.0, 0.0, 0.0], [0.0, 0.0, 0.0, 0.0, 0.0, 0.0, 0.0, 0.0, 0.0, 0.0, 0.0, 0.0, 0.0, 0.0, 0.0, 0.0, 0.0, 0.0, 0.0, 0.0, 0.0, 0.0, 0.0, 0.0, 0.0, 0.0, 0.0, 0.0, 0.0, 0.0, 21.959527752301554, 27.38177764585582, 18.5644359091058, 43.622305066857116, 25.646445239834428, 12.127407795759803, 26.864507611042722, 6.492578176594106, 11.789202183999974, 14.719739835525948, 19.99483887802407, 14.99151573153102, 19.37568849674631, 4.193337622620279, 28.63923895408823, 4.938869360142237, 21.379526834216335, 42.406842325233114, 36.17243613018961, 4.6479130334492975, 0.0, 0.0, 0.0, 0.0, 0.0, 0.0, 0.0, 0.0, 0.0, 0.0, 0.0, 0.0, 0.0, 0.0, 0.0, 0.0, 0.0, 0.0, 0.0, 0.0, 0.0, 0.0, 0.0, 0.0, 0.0, 0.0, 0.0, 0.0, 0.0, 0.0], [0.0, 0.0, 0.0, 0.0, 0.0, 0.0, 0.0, 0.0, 0.0, 0.0, 0.0, 0.0, 0.0, 0.0, 0.0, 0.0, 0.0, 0.0, 0.0, 0.0, 0.0, 0.0, 0.0, 0.0, 0.0, 0.0, 0.0, 0.0, 0.0, 0.0, 21.959527752301554, 27.38177764585582, 18.5644359091058, 43.622305066857116, 25.646445239834428, 12.127407795759803, 26.864507611042722, 6.492578176594106, 11.789202183999974, 14.719739835525948, 19.99483887802407, 14.99151573153102, 19.37568849674631, 4.193337622620279, 28.63923895408823, 4.938869360142237, 21.379526834216335, 42.406842325233114, 36.17243613018961, 4.6479130334492975, 0.0, 0.0, 0.0, 0.0, 0.0, 0.0, 0.0, 0.0, 0.0, 0.0, 0.0, 0.0, 0.0, 0.0, 0.0, 0.0, 0.0, 0.0, 0.0, 0.0, 0.0, 0.0, 0.0, 0.0, 0.0, 0.0, 0.0, 0.0, 0.0, 0.0], [0.0, 0.0, 0.0, 0.0, 0.0, 0.0, 0.0, 0.0, 0.0, 0.0, 0.0, 0.0, 0.0, 0.0, 0.0, 0.0, 0.0, 0.0, 0.0, 0.0, 0.0, 0.0, 0.0, 0.0, 0.0, 0.0, 0.0, 0.0, 0.0, 0.0, 21.959527752301554, 27.38177764585582, 18.5644359091058, 43.622305066857116, 25.646445239834428, 12.127407795759803, 26.864507611042722, 6.492578176594106, 11.789202183999974, 14.719739835525948, 19.99483887802407, 14.99151573153102, 19.37568849674631, 4.193337622620279, 28.63923895408823, 4.938869360142237, 21.379526834216335, 42.406842325233114, 36.17243613018961, 4.6479130334492975, 0.0, 0.0, 0.0, 0.0, 0.0, 0.0, 0.0, 0.0, 0.0, 0.0, 0.0, 0.0, 0.0, 0.0, 0.0, 0.0, 0.0, 0.0, 0.0, 0.0, 0.0, 0.0, 0.0, 0.0, 0.0, 0.0, 0.0, 0.0, 0.0, 0.0], [0.0, 0.0, 0.0, 0.0, 0.0, 0.0, 0.0, 0.0, 0.0, 0.0, 0.0, 0.0, 0.0, 0.0, 0.0, 0.0, 0.0, 0.0, 0.0, 0.0, 0.0, 0.0, 0.0, 0.0, 0.0, 0.0, 0.0, 0.0, 0.0, 0.0, 21.959527752301554, 27.38177764585582, 18.5644359091058, 43.622305066857116, 25.646445239834428, 12.127407795759803, 26.864507611042722, 6.492578176594106, 11.789202183999974, 14.719739835525948, 19.99483887802407, 14.99151573153102, 19.37568849674631, 4.193337622620279, 28.63923895408823, 4.938869360142237, 21.379526834216335, 42.406842325233114, 36.17243613018961, 4.6479130334492975, 0.0, 0.0, 0.0, 0.0, 0.0, 0.0, 0.0, 0.0, 0.0, 0.0, 0.0, 0.0, 0.0, 0.0, 0.0, 0.0, 0.0, 0.0, 0.0, 0.0, 0.0, 0.0, 0.0, 0.0, 0.0, 0.0, 0.0, 0.0, 0.0, 0.0], [0.0, 0.0, 0.0, 0.0, 0.0, 0.0, 0.0, 0.0, 0.0, 0.0, 0.0, 0.0, 0.0, 0.0, 0.0, 0.0, 0.0, 0.0, 0.0, 0.0, 0.0, 0.0, 0.0, 0.0, 0.0, 0.0, 0.0, 0.0, 0.0, 0.0, 21.959527752301554, 27.38177764585582, 18.5644359091058, 43.622305066857116, 25.646445239834428, 12.127407795759803, 26.864507611042722, 6.492578176594106, 11.789202183999974, 14.719739835525948, 19.99483887802407, 14.99151573153102, 19.37568849674631, 4.193337622620279, 28.63923895408823, 4.938869360142237, 21.379526834216335, 42.406842325233114, 36.17243613018961, 4.6479130334492975, 0.0, 0.0, 0.0, 0.0, 0.0, 0.0, 0.0, 0.0, 0.0, 0.0, 0.0, 0.0, 0.0, 0.0, 0.0, 0.0, 0.0, 0.0, 0.0, 0.0, 0.0, 0.0, 0.0, 0.0, 0.0, 0.0, 0.0, 0.0, 0.0, 0.0], [0.0, 0.0, 0.0, 0.0, 0.0, 0.0, 0.0, 0.0, 0.0, 0.0, 0.0, 0.0, 0.0, 0.0, 0.0, 0.0, 0.0, 0.0, 0.0, 0.0, 0.0, 0.0, 0.0, 0.0, 0.0, 0.0, 0.0, 0.0, 0.0, 0.0, 21.959527752301554, 27.38177764585582, 18.5644359091058, 43.622305066857116, 25.646445239834428, 12.127407795759803, 26.864507611042722, 6.492578176594106, 11.789202183999974, 14.719739835525948, 19.99483887802407, 14.99151573153102, 19.37568849674631, 4.193337622620279, 28.63923895408823, 4.938869360142237, 21.379526834216335, 42.406842325233114, 36.17243613018961, 4.6479130334492975, 0.0, 0.0, 0.0, 0.0, 0.0, 0.0, 0.0, 0.0, 0.0, 0.0, 0.0, 0.0, 0.0, 0.0, 0.0, 0.0, 0.0, 0.0, 0.0, 0.0, 0.0, 0.0, 0.0, 0.0, 0.0, 0.0, 0.0, 0.0, 0.0, 0.0], [0.0, 0.0, 0.0, 0.0, 0.0, 0.0, 0.0, 0.0, 0.0, 0.0, 0.0, 0.0, 0.0, 0.0, 0.0, 0.0, 0.0, 0.0, 0.0, 0.0, 0.0, 0.0, 0.0, 0.0, 0.0, 0.0, 0.0, 0.0, 0.0, 0.0, 21.959527752301554, 27.38177764585582, 18.5644359091058, 43.622305066857116, 25.646445239834428, 12.127407795759803, 26.864507611042722, 6.492578176594106, 11.789202183999974, 14.719739835525948, 19.99483887802407, 14.99151573153102, 19.37568849674631, 4.193337622620279, 28.63923895408823, 4.938869360142237, 21.379526834216335, 42.406842325233114, 36.17243613018961, 4.6479130334492975, 0.0, 0.0, 0.0, 0.0, 0.0, 0.0, 0.0, 0.0, 0.0, 0.0, 0.0, 0.0, 0.0, 0.0, 0.0, 0.0, 0.0, 0.0, 0.0, 0.0, 0.0, 0.0, 0.0, 0.0, 0.0, 0.0, 0.0, 0.0, 0.0, 0.0], [0.0, 0.0, 0.0, 0.0, 0.0, 0.0, 0.0, 0.0, 0.0, 0.0, 0.0, 0.0, 0.0, 0.0, 0.0, 0.0, 0.0, 0.0, 0.0, 0.0, 0.0, 0.0, 0.0, 0.0, 0.0, 0.0, 0.0, 0.0, 0.0, 0.0, 21.959527752301554, 27.38177764585582, 18.5644359091058, 43.622305066857116, 25.646445239834428, 12.127407795759803, 26.864507611042722, 6.492578176594106, 11.789202183999974, 14.719739835525948, 19.99483887802407, 14.99151573153102, 19.37568849674631, 4.193337622620279, 28.63923895408823, 4.938869360142237, 21.379526834216335, 42.406842325233114, 36.17243613018961, 4.6479130334492975, 0.0, 0.0, 0.0, 0.0, 0.0, 0.0, 0.0, 0.0, 0.0, 0.0, 0.0, 0.0, 0.0, 0.0, 0.0, 0.0, 0.0, 0.0, 0.0, 0.0, 0.0, 0.0, 0.0, 0.0, 0.0, 0.0, 0.0, 0.0, 0.0, 0.0], [0.0, 0.0, 0.0, 0.0, 0.0, 0.0, 0.0, 0.0, 0.0, 0.0, 0.0, 0.0, 0.0, 0.0, 0.0, 0.0, 0.0, 0.0, 0.0, 0.0, 0.0, 0.0, 0.0, 0.0, 0.0, 0.0, 0.0, 0.0, 0.0, 0.0, 21.959527752301554, 27.38177764585582, 18.5644359091058, 43.622305066857116, 25.646445239834428, 12.127407795759803, 26.864507611042722, 6.492578176594106, 11.789202183999974, 14.719739835525948, 19.99483887802407, 14.99151573153102, 19.37568849674631, 4.193337622620279, 28.63923895408823, 4.938869360142237, 21.379526834216335, 42.406842325233114, 36.17243613018961, 4.6479130334492975, 0.0, 0.0, 0.0, 0.0, 0.0, 0.0, 0.0, 0.0, 0.0, 0.0, 0.0, 0.0, 0.0, 0.0, 0.0, 0.0, 0.0, 0.0, 0.0, 0.0, 0.0, 0.0, 0.0, 0.0, 0.0, 0.0, 0.0, 0.0, 0.0, 0.0], [0.0, 0.0, 0.0, 0.0, 0.0, 0.0, 0.0, 0.0, 0.0, 0.0, 0.0, 0.0, 0.0, 0.0, 0.0, 0.0, 0.0, 0.0, 0.0, 0.0, 0.0, 0.0, 0.0, 0.0, 0.0, 0.0, 0.0, 0.0, 0.0, 0.0, 21.959527752301554, 27.38177764585582, 18.5644359091058, 43.622305066857116, 25.646445239834428, 12.127407795759803, 26.864507611042722, 6.492578176594106, 11.789202183999974, 14.719739835525948, 19.99483887802407, 14.99151573153102, 19.37568849674631, 4.193337622620279, 28.63923895408823, 4.938869360142237, 21.379526834216335, 42.406842325233114, 36.17243613018961, 4.6479130334492975, 0.0, 0.0, 0.0, 0.0, 0.0, 0.0, 0.0, 0.0, 0.0, 0.0, 0.0, 0.0, 0.0, 0.0, 0.0, 0.0, 0.0, 0.0, 0.0, 0.0, 0.0, 0.0, 0.0, 0.0, 0.0, 0.0, 0.0, 0.0, 0.0, 0.0]];
