M = 99999999.0;
numWorkers = 30;
numRoles = 3;
numNodes = 80;
wStart = [0, 0, 0, 0, 0, 0, 0, 0, 0, 0, 0, 0, 0, 0, 0, 0, 0, 0, 0, 0, 0, 0, 0, 0, 0, 0, 0, 0, 0, 0, 60, 120, 150, 120, 90, 120, 90, 30, 120, 240, 90, 330, 90, 180, 330, 60, 90, 120, 150, 30, 480, 480, 480, 480, 480, 480, 480, 480, 480, 480, 480, 480, 480, 480, 480, 480, 480, 480, 480, 480, 480, 480, 480, 480, 480, 480, 480, 480, 480, 480];
wEnd = [0, 0, 0, 0, 0, 0, 0, 0, 0, 0, 0, 0, 0, 0, 0, 0, 0, 0, 0, 0, 0, 0, 0, 0, 0, 0, 0, 0, 0, 0, 450, 390, 240, 210, 330, 450, 210, 360, 420, 420, 420, 450, 390, 300, 450, 450, 210, 390, 240, 360, 480, 480, 480, 480, 480, 480, 480, 480, 480, 480, 480, 480, 480, 480, 480, 480, 480, 480, 480, 480, 480, 480, 480, 480, 480, 480, 480, 480, 480, 480];
p = [0, 0, 0, 0, 0, 0, 0, 0, 0, 0, 0, 0, 0, 0, 0, 0, 0, 0, 0, 0, 0, 0, 0, 0, 0, 0, 0, 0, 0, 0, 40.74803206319298, 54.59848972948614, 26.259423479549298, 32.01076829337514, 66.45120501303478, 21.10110015815996, 21.076207372084966, 27.369528804898927, 47.00041391560327, 65.37883351739191, 23.890814005641406, 52.63779689719742, 45.97426231466485, 63.79172380350324, 26.31889844859871, 20.37401603159649, 10.538103686042483, 27.29924486474307, 13.129711739774649, 13.684764402449463, 0, 0, 0, 0, 0, 0, 0, 0, 0, 0, 0, 0, 0, 0, 0, 0, 0, 0, 0, 0, 0, 0, 0, 0, 0, 0, 0, 0, 0, 0];
e = [[1, 1, 0], [1, 0, 1], [1, 0, 1], [0, 1, 1], [0, 1, 1], [1, 1, 0], [1, 1, 0], [0, 1, 1], [0, 1, 1], [1, 1, 0], [0, 1, 0], [0, 1, 1], [0, 1, 1], [0, 1, 0], [0, 1, 0], [0, 1, 0], [0, 1, 0], [1, 1, 0], [0, 1, 0], [1, 1, 0], [0, 1, 1], [0, 1, 0], [0, 1, 1], [0, 1, 1], [1, 1, 0], [1, 0, 0], [0, 1, 0], [1, 0, 0], [0, 0, 1], [1, 0, 0]];
d = [[1, 1, 0, 0, 0, 1, 0, 0, 1, 0, 0, 1, 0, 1, 2, 2, 0, 2, 0, 0], [0, 0, 0, 0, 2, 0, 2, 2, 0, 2, 0, 0, 2, 0, 0, 0, 4, 0, 0, 4], [0, 0, 1, 1, 1, 0, 1, 1, 0, 1, 1, 0, 1, 0, 0, 0, 2, 0, 2, 2]];
r = [4731, 683, 832, 3363, 583, 2658, 2686, 1413, 172, 3435, 2063, 4356, 3003, 3272, 4356, 4731, 2686, 683, 832, 1413];
g = [[0, 0, 0, 0, 0, 0, 0, 0, 0, 0, 0, 0, 0, 0, 0, 1, 0, 0, 0, 0], [0, 0, 0, 0, 0, 0, 0, 0, 0, 0, 0, 0, 0, 0, 0, 0, 0, 1, 0, 0], [0, 0, 0, 0, 0, 0, 0, 0, 0, 0, 0, 0, 0, 0, 0, 0, 0, 0, 1, 0], [0, 0, 0, 0, 0, 0, 0, 0, 0, 0, 0, 0, 0, 0, 0, 0, 0, 0, 0, 0], [0, 0, 0, 0, 0, 0, 0, 0, 0, 0, 0, 0, 0, 0, 0, 0, 0, 0, 0, 0], [0, 0, 0, 0, 0, 0, 0, 0, 0, 0, 0, 0, 0, 0, 0, 0, 0, 0, 0, 0], [0, 0, 0, 0, 0, 0, 0, 0, 0, 0, 0, 0, 0, 0, 0, 0, 1, 0, 0, 0], [0, 0, 0, 0, 0, 0, 0, 0, 0, 0, 0, 0, 0, 0, 0, 0, 0, 0, 0, 1], [0, 0, 0, 0, 0, 0, 0, 0, 0, 0, 0, 0, 0, 0, 0, 0, 0, 0, 0, 0], [0, 0, 0, 0, 0, 0, 0, 0, 0, 0, 0, 0, 0, 0, 0, 0, 0, 0, 0, 0], [0, 0, 0, 0, 0, 0, 0, 0, 0, 0, 0, 0, 0, 0, 0, 0, 0, 0, 0, 0], [0, 0, 0, 0, 0, 0, 0, 0, 0, 0, 0, 0, 0, 0, 1, 0, 0, 0, 0, 0], [0, 0, 0, 0, 0, 0, 0, 0, 0, 0, 0, 0, 0, 0, 0, 0, 0, 0, 0, 0], [0, 0, 0, 0, 0, 0, 0, 0, 0, 0, 0, 0, 0, 0, 0, 0, 0, 0, 0, 0], [0, 0, 0, 0, 0, 0, 0, 0, 0, 0, 0, 1, 0, 0, 0, 0, 0, 0, 0, 0], [1, 0, 0, 0, 0, 0, 0, 0, 0, 0, 0, 0, 0, 0, 0, 0, 0, 0, 0, 0], [0, 0, 0, 0, 0, 0, 1, 0, 0, 0, 0, 0, 0, 0, 0, 0, 0, 0, 0, 0], [0, 1, 0, 0, 0, 0, 0, 0, 0, 0, 0, 0, 0, 0, 0, 0, 0, 0, 0, 0], [0, 0, 1, 0, 0, 0, 0, 0, 0, 0, 0, 0, 0, 0, 0, 0, 0, 0, 0, 0], [0, 0, 0, 0, 0, 0, 0, 1, 0, 0, 0, 0, 0, 0, 0, 0, 0, 0, 0, 0]];
t = [[0.0, 0.0, 0.0, 0.0, 0.0, 0.0, 0.0, 0.0, 0.0, 0.0, 0.0, 0.0, 0.0, 0.0, 0.0, 0.0, 0.0, 0.0, 0.0, 0.0, 0.0, 0.0, 0.0, 0.0, 0.0, 0.0, 0.0, 0.0, 0.0, 0.0, 10.980191905075745, 17.3891945934976, 15.839850626530193, 15.222302755132436, 23.732418068703, 20.365792840618923, 9.787017155261763, 18.054205531100077, 10.71177296712738, 20.993863403227632, 10.71205675179165, 18.657959700279207, 9.318818745946146, 24.651402679888463, 18.657959700279207, 10.980191905075745, 9.787017155261763, 17.3891945934976, 15.839850626530193, 18.054205531100077, 0.0, 0.0, 0.0, 0.0, 0.0, 0.0, 0.0, 0.0, 0.0, 0.0, 0.0, 0.0, 0.0, 0.0, 0.0, 0.0, 0.0, 0.0, 0.0, 0.0, 0.0, 0.0, 0.0, 0.0, 0.0, 0.0, 0.0, 0.0, 0.0, 0.0], [0.0, 0.0, 0.0, 0.0, 0.0, 0.0, 0.0, 0.0, 0.0, 0.0, 0.0, 0.0, 0.0, 0.0, 0.0, 0.0, 0.0, 0.0, 0.0, 0.0, 0.0, 0.0, 0.0, 0.0, 0.0, 0.0, 0.0, 0.0, 0.0, 0.0, 10.980191905075745, 17.3891945934976, 15.839850626530193, 15.222302755132436, 23.732418068703, 20.365792840618923, 9.787017155261763, 18.054205531100077, 10.71177296712738, 20.993863403227632, 10.71205675179165, 18.657959700279207, 9.318818745946146, 24.651402679888463, 18.657959700279207, 10.980191905075745, 9.787017155261763, 17.3891945934976, 15.839850626530193, 18.054205531100077, 0.0, 0.0, 0.0, 0.0, 0.0, 0.0, 0.0, 0.0, 0.0, 0.0, 0.0, 0.0, 0.0, 0.0, 0.0, 0.0, 0.0, 0.0, 0.0, 0.0, 0.0, 0.0, 0.0, 0.0, 0.0, 0.0, 0.0, 0.0, 0.0, 0.0], [0.0, 0.0, 0.0, 0.0, 0.0, 0.0, 0.0, 0.0, 0.0, 0.0, 0.0, 0.0, 0.0, 0.0, 0.0, 0.0, 0.0, 0.0, 0.0, 0.0, 0.0, 0.0, 0.0, 0.0, 0.0, 0.0, 0.0, 0.0, 0.0, 0.0, 10.980191905075745, 17.3891945934976, 15.839850626530193, 15.222302755132436, 23.732418068703, 20.365792840618923, 9.787017155261763, 18.054205531100077, 10.71177296712738, 20.993863403227632, 10.71205675179165, 18.657959700279207, 9.318818745946146, 24.651402679888463, 18.657959700279207, 10.980191905075745, 9.787017155261763, 17.3891945934976, 15.839850626530193, 18.054205531100077, 0.0, 0.0, 0.0, 0.0, 0.0, 0.0, 0.0, 0.0, 0.0, 0.0, 0.0, 0.0, 0.0, 0.0, 0.0, 0.0, 0.0, 0.0, 0.0, 0.0, 0.0, 0.0, 0.0, 0.0, 0.0, 0.0, 0.0, 0.0, 0.0, 0.0], [0.0, 0.0, 0.0, 0.0, 0.0, 0.0, 0.0, 0.0, 0.0, 0.0, 0.0, 0.0, 0.0, 0.0, 0.0, 0.0, 0.0, 0.0, 0.0, 0.0, 0.0, 0.0, 0.0, 0.0, 0.0, 0.0, 0.0, 0.0, 0.0, 0.0, 10.980191905075745, 17.3891945934976, 15.839850626530193, 15.222302755132436, 23.732418068703, 20.365792840618923, 9.787017155261763, 18.054205531100077, 10.71177296712738, 20.993863403227632, 10.71205675179165, 18.657959700279207, 9.318818745946146, 24.651402679888463, 18.657959700279207, 10.980191905075745, 9.787017155261763, 17.3891945934976, 15.839850626530193, 18.054205531100077, 0.0, 0.0, 0.0, 0.0, 0.0, 0.0, 0.0, 0.0, 0.0, 0.0, 0.0, 0.0, 0.0, 0.0, 0.0, 0.0, 0.0, 0.0, 0.0, 0.0, 0.0, 0.0, 0.0, 0.0, 0.0, 0.0, 0.0, 0.0, 0.0, 0.0], [0.0, 0.0, 0.0, 0.0, 0.0, 0.0, 0.0, 0.0, 0.0, 0.0, 0.0, 0.0, 0.0, 0.0, 0.0, 0.0, 0.0, 0.0, 0.0, 0.0, 0.0, 0.0, 0.0, 0.0, 0.0, 0.0, 0.0, 0.0, 0.0, 0.0, 10.980191905075745, 17.3891945934976, 15.839850626530193, 15.222302755132436, 23.732418068703, 20.365792840618923, 9.787017155261763, 18.054205531100077, 10.71177296712738, 20.993863403227632, 10.71205675179165, 18.657959700279207, 9.318818745946146, 24.651402679888463, 18.657959700279207, 10.980191905075745, 9.787017155261763, 17.3891945934976, 15.839850626530193, 18.054205531100077, 0.0, 0.0, 0.0, 0.0, 0.0, 0.0, 0.0, 0.0, 0.0, 0.0, 0.0, 0.0, 0.0, 0.0, 0.0, 0.0, 0.0, 0.0, 0.0, 0.0, 0.0, 0.0, 0.0, 0.0, 0.0, 0.0, 0.0, 0.0, 0.0, 0.0], [0.0, 0.0, 0.0, 0.0, 0.0, 0.0, 0.0, 0.0, 0.0, 0.0, 0.0, 0.0, 0.0, 0.0, 0.0, 0.0, 0.0, 0.0, 0.0, 0.0, 0.0, 0.0, 0.0, 0.0, 0.0, 0.0, 0.0, 0.0, 0.0, 0.0, 10.980191905075745, 17.3891945934976, 15.839850626530193, 15.222302755132436, 23.732418068703, 20.365792840618923, 9.787017155261763, 18.054205531100077, 10.71177296712738, 20.993863403227632, 10.71205675179165, 18.657959700279207, 9.318818745946146, 24.651402679888463, 18.657959700279207, 10.980191905075745, 9.787017155261763, 17.3891945934976, 15.839850626530193, 18.054205531100077, 0.0, 0.0, 0.0, 0.0, 0.0, 0.0, 0.0, 0.0, 0.0, 0.0, 0.0, 0.0, 0.0, 0.0, 0.0, 0.0, 0.0, 0.0, 0.0, 0.0, 0.0, 0.0, 0.0, 0.0, 0.0, 0.0, 0.0, 0.0, 0.0, 0.0], [0.0, 0.0, 0.0, 0.0, 0.0, 0.0, 0.0, 0.0, 0.0, 0.0, 0.0, 0.0, 0.0, 0.0, 0.0, 0.0, 0.0, 0.0, 0.0, 0.0, 0.0, 0.0, 0.0, 0.0, 0.0, 0.0, 0.0, 0.0, 0.0, 0.0, 10.980191905075745, 17.3891945934976, 15.839850626530193, 15.222302755132436, 23.732418068703, 20.365792840618923, 9.787017155261763, 18.054205531100077, 10.71177296712738, 20.993863403227632, 10.71205675179165, 18.657959700279207, 9.318818745946146, 24.651402679888463, 18.657959700279207, 10.980191905075745, 9.787017155261763, 17.3891945934976, 15.839850626530193, 18.054205531100077, 0.0, 0.0, 0.0, 0.0, 0.0, 0.0, 0.0, 0.0, 0.0, 0.0, 0.0, 0.0, 0.0, 0.0, 0.0, 0.0, 0.0, 0.0, 0.0, 0.0, 0.0, 0.0, 0.0, 0.0, 0.0, 0.0, 0.0, 0.0, 0.0, 0.0], [0.0, 0.0, 0.0, 0.0, 0.0, 0.0, 0.0, 0.0, 0.0, 0.0, 0.0, 0.0, 0.0, 0.0, 0.0, 0.0, 0.0, 0.0, 0.0, 0.0, 0.0, 0.0, 0.0, 0.0, 0.0, 0.0, 0.0, 0.0, 0.0, 0.0, 10.980191905075745, 17.3891945934976, 15.839850626530193, 15.222302755132436, 23.732418068703, 20.365792840618923, 9.787017155261763, 18.054205531100077, 10.71177296712738, 20.993863403227632, 10.71205675179165, 18.657959700279207, 9.318818745946146, 24.651402679888463, 18.657959700279207, 10.980191905075745, 9.787017155261763, 17.3891945934976, 15.839850626530193, 18.054205531100077, 0.0, 0.0, 0.0, 0.0, 0.0, 0.0, 0.0, 0.0, 0.0, 0.0, 0.0, 0.0, 0.0, 0.0, 0.0, 0.0, 0.0, 0.0, 0.0, 0.0, 0.0, 0.0, 0.0, 0.0, 0.0, 0.0, 0.0, 0.0, 0.0, 0.0], [0.0, 0.0, 0.0, 0.0, 0.0, 0.0, 0.0, 0.0, 0.0, 0.0, 0.0, 0.0, 0.0, 0.0, 0.0, 0.0, 0.0, 0.0, 0.0, 0.0, 0.0, 0.0, 0.0, 0.0, 0.0, 0.0, 0.0, 0.0, 0.0, 0.0, 10.980191905075745, 17.3891945934976, 15.839850626530193, 15.222302755132436, 23.732418068703, 20.365792840618923, 9.787017155261763, 18.054205531100077, 10.71177296712738, 20.993863403227632, 10.71205675179165, 18.657959700279207, 9.318818745946146, 24.651402679888463, 18.657959700279207, 10.980191905075745, 9.787017155261763, 17.3891945934976, 15.839850626530193, 18.054205531100077, 0.0, 0.0, 0.0, 0.0, 0.0, 0.0, 0.0, 0.0, 0.0, 0.0, 0.0, 0.0, 0.0, 0.0, 0.0, 0.0, 0.0, 0.0, 0.0, 0.0, 0.0, 0.0, 0.0, 0.0, 0.0, 0.0, 0.0, 0.0, 0.0, 0.0], [0.0, 0.0, 0.0, 0.0, 0.0, 0.0, 0.0, 0.0, 0.0, 0.0, 0.0, 0.0, 0.0, 0.0, 0.0, 0.0, 0.0, 0.0, 0.0, 0.0, 0.0, 0.0, 0.0, 0.0, 0.0, 0.0, 0.0, 0.0, 0.0, 0.0, 10.980191905075745, 17.3891945934976, 15.839850626530193, 15.222302755132436, 23.732418068703, 20.365792840618923, 9.787017155261763, 18.054205531100077, 10.71177296712738, 20.993863403227632, 10.71205675179165, 18.657959700279207, 9.318818745946146, 24.651402679888463, 18.657959700279207, 10.980191905075745, 9.787017155261763, 17.3891945934976, 15.839850626530193, 18.054205531100077, 0.0, 0.0, 0.0, 0.0, 0.0, 0.0, 0.0, 0.0, 0.0, 0.0, 0.0, 0.0, 0.0, 0.0, 0.0, 0.0, 0.0, 0.0, 0.0, 0.0, 0.0, 0.0, 0.0, 0.0, 0.0, 0.0, 0.0, 0.0, 0.0, 0.0], [0.0, 0.0, 0.0, 0.0, 0.0, 0.0, 0.0, 0.0, 0.0, 0.0, 0.0, 0.0, 0.0, 0.0, 0.0, 0.0, 0.0, 0.0, 0.0, 0.0, 0.0, 0.0, 0.0, 0.0, 0.0, 0.0, 0.0, 0.0, 0.0, 0.0, 10.980191905075745, 17.3891945934976, 15.839850626530193, 15.222302755132436, 23.732418068703, 20.365792840618923, 9.787017155261763, 18.054205531100077, 10.71177296712738, 20.993863403227632, 10.71205675179165, 18.657959700279207, 9.318818745946146, 24.651402679888463, 18.657959700279207, 10.980191905075745, 9.787017155261763, 17.3891945934976, 15.839850626530193, 18.054205531100077, 0.0, 0.0, 0.0, 0.0, 0.0, 0.0, 0.0, 0.0, 0.0, 0.0, 0.0, 0.0, 0.0, 0.0, 0.0, 0.0, 0.0, 0.0, 0.0, 0.0, 0.0, 0.0, 0.0, 0.0, 0.0, 0.0, 0.0, 0.0, 0.0, 0.0], [0.0, 0.0, 0.0, 0.0, 0.0, 0.0, 0.0, 0.0, 0.0, 0.0, 0.0, 0.0, 0.0, 0.0, 0.0, 0.0, 0.0, 0.0, 0.0, 0.0, 0.0, 0.0, 0.0, 0.0, 0.0, 0.0, 0.0, 0.0, 0.0, 0.0, 10.980191905075745, 17.3891945934976, 15.839850626530193, 15.222302755132436, 23.732418068703, 20.365792840618923, 9.787017155261763, 18.054205531100077, 10.71177296712738, 20.993863403227632, 10.71205675179165, 18.657959700279207, 9.318818745946146, 24.651402679888463, 18.657959700279207, 10.980191905075745, 9.787017155261763, 17.3891945934976, 15.839850626530193, 18.054205531100077, 0.0, 0.0, 0.0, 0.0, 0.0, 0.0, 0.0, 0.0, 0.0, 0.0, 0.0, 0.0, 0.0, 0.0, 0.0, 0.0, 0.0, 0.0, 0.0, 0.0, 0.0, 0.0, 0.0, 0.0, 0.0, 0.0, 0.0, 0.0, 0.0, 0.0], [0.0, 0.0, 0.0, 0.0, 0.0, 0.0, 0.0, 0.0, 0.0, 0.0, 0.0, 0.0, 0.0, 0.0, 0.0, 0.0, 0.0, 0.0, 0.0, 0.0, 0.0, 0.0, 0.0, 0.0, 0.0, 0.0, 0.0, 0.0, 0.0, 0.0, 10.980191905075745, 17.3891945934976, 15.839850626530193, 15.222302755132436, 23.732418068703, 20.365792840618923, 9.787017155261763, 18.054205531100077, 10.71177296712738, 20.993863403227632, 10.71205675179165, 18.657959700279207, 9.318818745946146, 24.651402679888463, 18.657959700279207, 10.980191905075745, 9.787017155261763, 17.3891945934976, 15.839850626530193, 18.054205531100077, 0.0, 0.0, 0.0, 0.0, 0.0, 0.0, 0.0, 0.0, 0.0, 0.0, 0.0, 0.0, 0.0, 0.0, 0.0, 0.0, 0.0, 0.0, 0.0, 0.0, 0.0, 0.0, 0.0, 0.0, 0.0, 0.0, 0.0, 0.0, 0.0, 0.0], [0.0, 0.0, 0.0, 0.0, 0.0, 0.0, 0.0, 0.0, 0.0, 0.0, 0.0, 0.0, 0.0, 0.0, 0.0, 0.0, 0.0, 0.0, 0.0, 0.0, 0.0, 0.0, 0.0, 0.0, 0.0, 0.0, 0.0, 0.0, 0.0, 0.0, 10.980191905075745, 17.3891945934976, 15.839850626530193, 15.222302755132436, 23.732418068703, 20.365792840618923, 9.787017155261763, 18.054205531100077, 10.71177296712738, 20.993863403227632, 10.71205675179165, 18.657959700279207, 9.318818745946146, 24.651402679888463, 18.657959700279207, 10.980191905075745, 9.787017155261763, 17.3891945934976, 15.839850626530193, 18.054205531100077, 0.0, 0.0, 0.0, 0.0, 0.0, 0.0, 0.0, 0.0, 0.0, 0.0, 0.0, 0.0, 0.0, 0.0, 0.0, 0.0, 0.0, 0.0, 0.0, 0.0, 0.0, 0.0, 0.0, 0.0, 0.0, 0.0, 0.0, 0.0, 0.0, 0.0], [0.0, 0.0, 0.0, 0.0, 0.0, 0.0, 0.0, 0.0, 0.0, 0.0, 0.0, 0.0, 0.0, 0.0, 0.0, 0.0, 0.0, 0.0, 0.0, 0.0, 0.0, 0.0, 0.0, 0.0, 0.0, 0.0, 0.0, 0.0, 0.0, 0.0, 10.980191905075745, 17.3891945934976, 15.839850626530193, 15.222302755132436, 23.732418068703, 20.365792840618923, 9.787017155261763, 18.054205531100077, 10.71177296712738, 20.993863403227632, 10.71205675179165, 18.657959700279207, 9.318818745946146, 24.651402679888463, 18.657959700279207, 10.980191905075745, 9.787017155261763, 17.3891945934976, 15.839850626530193, 18.054205531100077, 0.0, 0.0, 0.0, 0.0, 0.0, 0.0, 0.0, 0.0, 0.0, 0.0, 0.0, 0.0, 0.0, 0.0, 0.0, 0.0, 0.0, 0.0, 0.0, 0.0, 0.0, 0.0, 0.0, 0.0, 0.0, 0.0, 0.0, 0.0, 0.0, 0.0], [0.0, 0.0, 0.0, 0.0, 0.0, 0.0, 0.0, 0.0, 0.0, 0.0, 0.0, 0.0, 0.0, 0.0, 0.0, 0.0, 0.0, 0.0, 0.0, 0.0, 0.0, 0.0, 0.0, 0.0, 0.0, 0.0, 0.0, 0.0, 0.0, 0.0, 10.980191905075745, 17.3891945934976, 15.839850626530193, 15.222302755132436, 23.732418068703, 20.365792840618923, 9.787017155261763, 18.054205531100077, 10.71177296712738, 20.993863403227632, 10.71205675179165, 18.657959700279207, 9.318818745946146, 24.651402679888463, 18.657959700279207, 10.980191905075745, 9.787017155261763, 17.3891945934976, 15.839850626530193, 18.054205531100077, 0.0, 0.0, 0.0, 0.0, 0.0, 0.0, 0.0, 0.0, 0.0, 0.0, 0.0, 0.0, 0.0, 0.0, 0.0, 0.0, 0.0, 0.0, 0.0, 0.0, 0.0, 0.0, 0.0, 0.0, 0.0, 0.0, 0.0, 0.0, 0.0, 0.0], [0.0, 0.0, 0.0, 0.0, 0.0, 0.0, 0.0, 0.0, 0.0, 0.0, 0.0, 0.0, 0.0, 0.0, 0.0, 0.0, 0.0, 0.0, 0.0, 0.0, 0.0, 0.0, 0.0, 0.0, 0.0, 0.0, 0.0, 0.0, 0.0, 0.0, 10.980191905075745, 17.3891945934976, 15.839850626530193, 15.222302755132436, 23.732418068703, 20.365792840618923, 9.787017155261763, 18.054205531100077, 10.71177296712738, 20.993863403227632, 10.71205675179165, 18.657959700279207, 9.318818745946146, 24.651402679888463, 18.657959700279207, 10.980191905075745, 9.787017155261763, 17.3891945934976, 15.839850626530193, 18.054205531100077, 0.0, 0.0, 0.0, 0.0, 0.0, 0.0, 0.0, 0.0, 0.0, 0.0, 0.0, 0.0, 0.0, 0.0, 0.0, 0.0, 0.0, 0.0, 0.0, 0.0, 0.0, 0.0, 0.0, 0.0, 0.0, 0.0, 0.0, 0.0, 0.0, 0.0], [0.0, 0.0, 0.0, 0.0, 0.0, 0.0, 0.0, 0.0, 0.0, 0.0, 0.0, 0.0, 0.0, 0.0, 0.0, 0.0, 0.0, 0.0, 0.0, 0.0, 0.0, 0.0, 0.0, 0.0, 0.0, 0.0, 0.0, 0.0, 0.0, 0.0, 10.980191905075745, 17.3891945934976, 15.839850626530193, 15.222302755132436, 23.732418068703, 20.365792840618923, 9.787017155261763, 18.054205531100077, 10.71177296712738, 20.993863403227632, 10.71205675179165, 18.657959700279207, 9.318818745946146, 24.651402679888463, 18.657959700279207, 10.980191905075745, 9.787017155261763, 17.3891945934976, 15.839850626530193, 18.054205531100077, 0.0, 0.0, 0.0, 0.0, 0.0, 0.0, 0.0, 0.0, 0.0, 0.0, 0.0, 0.0, 0.0, 0.0, 0.0, 0.0, 0.0, 0.0, 0.0, 0.0, 0.0, 0.0, 0.0, 0.0, 0.0, 0.0, 0.0, 0.0, 0.0, 0.0], [0.0, 0.0, 0.0, 0.0, 0.0, 0.0, 0.0, 0.0, 0.0, 0.0, 0.0, 0.0, 0.0, 0.0, 0.0, 0.0, 0.0, 0.0, 0.0, 0.0, 0.0, 0.0, 0.0, 0.0, 0.0, 0.0, 0.0, 0.0, 0.0, 0.0, 10.980191905075745, 17.3891945934976, 15.839850626530193, 15.222302755132436, 23.732418068703, 20.365792840618923, 9.787017155261763, 18.054205531100077, 10.71177296712738, 20.993863403227632, 10.71205675179165, 18.657959700279207, 9.318818745946146, 24.651402679888463, 18.657959700279207, 10.980191905075745, 9.787017155261763, 17.3891945934976, 15.839850626530193, 18.054205531100077, 0.0, 0.0, 0.0, 0.0, 0.0, 0.0, 0.0, 0.0, 0.0, 0.0, 0.0, 0.0, 0.0, 0.0, 0.0, 0.0, 0.0, 0.0, 0.0, 0.0, 0.0, 0.0, 0.0, 0.0, 0.0, 0.0, 0.0, 0.0, 0.0, 0.0], [0.0, 0.0, 0.0, 0.0, 0.0, 0.0, 0.0, 0.0, 0.0, 0.0, 0.0, 0.0, 0.0, 0.0, 0.0, 0.0, 0.0, 0.0, 0.0, 0.0, 0.0, 0.0, 0.0, 0.0, 0.0, 0.0, 0.0, 0.0, 0.0, 0.0, 10.980191905075745, 17.3891945934976, 15.839850626530193, 15.222302755132436, 23.732418068703, 20.365792840618923, 9.787017155261763, 18.054205531100077, 10.71177296712738, 20.993863403227632, 10.71205675179165, 18.657959700279207, 9.318818745946146, 24.651402679888463, 18.657959700279207, 10.980191905075745, 9.787017155261763, 17.3891945934976, 15.839850626530193, 18.054205531100077, 0.0, 0.0, 0.0, 0.0, 0.0, 0.0, 0.0, 0.0, 0.0, 0.0, 0.0, 0.0, 0.0, 0.0, 0.0, 0.0, 0.0, 0.0, 0.0, 0.0, 0.0, 0.0, 0.0, 0.0, 0.0, 0.0, 0.0, 0.0, 0.0, 0.0], [0.0, 0.0, 0.0, 0.0, 0.0, 0.0, 0.0, 0.0, 0.0, 0.0, 0.0, 0.0, 0.0, 0.0, 0.0, 0.0, 0.0, 0.0, 0.0, 0.0, 0.0, 0.0, 0.0, 0.0, 0.0, 0.0, 0.0, 0.0, 0.0, 0.0, 10.980191905075745, 17.3891945934976, 15.839850626530193, 15.222302755132436, 23.732418068703, 20.365792840618923, 9.787017155261763, 18.054205531100077, 10.71177296712738, 20.993863403227632, 10.71205675179165, 18.657959700279207, 9.318818745946146, 24.651402679888463, 18.657959700279207, 10.980191905075745, 9.787017155261763, 17.3891945934976, 15.839850626530193, 18.054205531100077, 0.0, 0.0, 0.0, 0.0, 0.0, 0.0, 0.0, 0.0, 0.0, 0.0, 0.0, 0.0, 0.0, 0.0, 0.0, 0.0, 0.0, 0.0, 0.0, 0.0, 0.0, 0.0, 0.0, 0.0, 0.0, 0.0, 0.0, 0.0, 0.0, 0.0], [0.0, 0.0, 0.0, 0.0, 0.0, 0.0, 0.0, 0.0, 0.0, 0.0, 0.0, 0.0, 0.0, 0.0, 0.0, 0.0, 0.0, 0.0, 0.0, 0.0, 0.0, 0.0, 0.0, 0.0, 0.0, 0.0, 0.0, 0.0, 0.0, 0.0, 10.980191905075745, 17.3891945934976, 15.839850626530193, 15.222302755132436, 23.732418068703, 20.365792840618923, 9.787017155261763, 18.054205531100077, 10.71177296712738, 20.993863403227632, 10.71205675179165, 18.657959700279207, 9.318818745946146, 24.651402679888463, 18.657959700279207, 10.980191905075745, 9.787017155261763, 17.3891945934976, 15.839850626530193, 18.054205531100077, 0.0, 0.0, 0.0, 0.0, 0.0, 0.0, 0.0, 0.0, 0.0, 0.0, 0.0, 0.0, 0.0, 0.0, 0.0, 0.0, 0.0, 0.0, 0.0, 0.0, 0.0, 0.0, 0.0, 0.0, 0.0, 0.0, 0.0, 0.0, 0.0, 0.0], [0.0, 0.0, 0.0, 0.0, 0.0, 0.0, 0.0, 0.0, 0.0, 0.0, 0.0, 0.0, 0.0, 0.0, 0.0, 0.0, 0.0, 0.0, 0.0, 0.0, 0.0, 0.0, 0.0, 0.0, 0.0, 0.0, 0.0, 0.0, 0.0, 0.0, 10.980191905075745, 17.3891945934976, 15.839850626530193, 15.222302755132436, 23.732418068703, 20.365792840618923, 9.787017155261763, 18.054205531100077, 10.71177296712738, 20.993863403227632, 10.71205675179165, 18.657959700279207, 9.318818745946146, 24.651402679888463, 18.657959700279207, 10.980191905075745, 9.787017155261763, 17.3891945934976, 15.839850626530193, 18.054205531100077, 0.0, 0.0, 0.0, 0.0, 0.0, 0.0, 0.0, 0.0, 0.0, 0.0, 0.0, 0.0, 0.0, 0.0, 0.0, 0.0, 0.0, 0.0, 0.0, 0.0, 0.0, 0.0, 0.0, 0.0, 0.0, 0.0, 0.0, 0.0, 0.0, 0.0], [0.0, 0.0, 0.0, 0.0, 0.0, 0.0, 0.0, 0.0, 0.0, 0.0, 0.0, 0.0, 0.0, 0.0, 0.0, 0.0, 0.0, 0.0, 0.0, 0.0, 0.0, 0.0, 0.0, 0.0, 0.0, 0.0, 0.0, 0.0, 0.0, 0.0, 10.980191905075745, 17.3891945934976, 15.839850626530193, 15.222302755132436, 23.732418068703, 20.365792840618923, 9.787017155261763, 18.054205531100077, 10.71177296712738, 20.993863403227632, 10.71205675179165, 18.657959700279207, 9.318818745946146, 24.651402679888463, 18.657959700279207, 10.980191905075745, 9.787017155261763, 17.3891945934976, 15.839850626530193, 18.054205531100077, 0.0, 0.0, 0.0, 0.0, 0.0, 0.0, 0.0, 0.0, 0.0, 0.0, 0.0, 0.0, 0.0, 0.0, 0.0, 0.0, 0.0, 0.0, 0.0, 0.0, 0.0, 0.0, 0.0, 0.0, 0.0, 0.0, 0.0, 0.0, 0.0, 0.0], [0.0, 0.0, 0.0, 0.0, 0.0, 0.0, 0.0, 0.0, 0.0, 0.0, 0.0, 0.0, 0.0, 0.0, 0.0, 0.0, 0.0, 0.0, 0.0, 0.0, 0.0, 0.0, 0.0, 0.0, 0.0, 0.0, 0.0, 0.0, 0.0, 0.0, 10.980191905075745, 17.3891945934976, 15.839850626530193, 15.222302755132436, 23.732418068703, 20.365792840618923, 9.787017155261763, 18.054205531100077, 10.71177296712738, 20.993863403227632, 10.71205675179165, 18.657959700279207, 9.318818745946146, 24.651402679888463, 18.657959700279207, 10.980191905075745, 9.787017155261763, 17.3891945934976, 15.839850626530193, 18.054205531100077, 0.0, 0.0, 0.0, 0.0, 0.0, 0.0, 0.0, 0.0, 0.0, 0.0, 0.0, 0.0, 0.0, 0.0, 0.0, 0.0, 0.0, 0.0, 0.0, 0.0, 0.0, 0.0, 0.0, 0.0, 0.0, 0.0, 0.0, 0.0, 0.0, 0.0], [0.0, 0.0, 0.0, 0.0, 0.0, 0.0, 0.0, 0.0, 0.0, 0.0, 0.0, 0.0, 0.0, 0.0, 0.0, 0.0, 0.0, 0.0, 0.0, 0.0, 0.0, 0.0, 0.0, 0.0, 0.0, 0.0, 0.0, 0.0, 0.0, 0.0, 10.980191905075745, 17.3891945934976, 15.839850626530193, 15.222302755132436, 23.732418068703, 20.365792840618923, 9.787017155261763, 18.054205531100077, 10.71177296712738, 20.993863403227632, 10.71205675179165, 18.657959700279207, 9.318818745946146, 24.651402679888463, 18.657959700279207, 10.980191905075745, 9.787017155261763, 17.3891945934976, 15.839850626530193, 18.054205531100077, 0.0, 0.0, 0.0, 0.0, 0.0, 0.0, 0.0, 0.0, 0.0, 0.0, 0.0, 0.0, 0.0, 0.0, 0.0, 0.0, 0.0, 0.0, 0.0, 0.0, 0.0, 0.0, 0.0, 0.0, 0.0, 0.0, 0.0, 0.0, 0.0, 0.0], [0.0, 0.0, 0.0, 0.0, 0.0, 0.0, 0.0, 0.0, 0.0, 0.0, 0.0, 0.0, 0.0, 0.0, 0.0, 0.0, 0.0, 0.0, 0.0, 0.0, 0.0, 0.0, 0.0, 0.0, 0.0, 0.0, 0.0, 0.0, 0.0, 0.0, 10.980191905075745, 17.3891945934976, 15.839850626530193, 15.222302755132436, 23.732418068703, 20.365792840618923, 9.787017155261763, 18.054205531100077, 10.71177296712738, 20.993863403227632, 10.71205675179165, 18.657959700279207, 9.318818745946146, 24.651402679888463, 18.657959700279207, 10.980191905075745, 9.787017155261763, 17.3891945934976, 15.839850626530193, 18.054205531100077, 0.0, 0.0, 0.0, 0.0, 0.0, 0.0, 0.0, 0.0, 0.0, 0.0, 0.0, 0.0, 0.0, 0.0, 0.0, 0.0, 0.0, 0.0, 0.0, 0.0, 0.0, 0.0, 0.0, 0.0, 0.0, 0.0, 0.0, 0.0, 0.0, 0.0], [0.0, 0.0, 0.0, 0.0, 0.0, 0.0, 0.0, 0.0, 0.0, 0.0, 0.0, 0.0, 0.0, 0.0, 0.0, 0.0, 0.0, 0.0, 0.0, 0.0, 0.0, 0.0, 0.0, 0.0, 0.0, 0.0, 0.0, 0.0, 0.0, 0.0, 10.980191905075745, 17.3891945934976, 15.839850626530193, 15.222302755132436, 23.732418068703, 20.365792840618923, 9.787017155261763, 18.054205531100077, 10.71177296712738, 20.993863403227632, 10.71205675179165, 18.657959700279207, 9.318818745946146, 24.651402679888463, 18.657959700279207, 10.980191905075745, 9.787017155261763, 17.3891945934976, 15.839850626530193, 18.054205531100077, 0.0, 0.0, 0.0, 0.0, 0.0, 0.0, 0.0, 0.0, 0.0, 0.0, 0.0, 0.0, 0.0, 0.0, 0.0, 0.0, 0.0, 0.0, 0.0, 0.0, 0.0, 0.0, 0.0, 0.0, 0.0, 0.0, 0.0, 0.0, 0.0, 0.0], [0.0, 0.0, 0.0, 0.0, 0.0, 0.0, 0.0, 0.0, 0.0, 0.0, 0.0, 0.0, 0.0, 0.0, 0.0, 0.0, 0.0, 0.0, 0.0, 0.0, 0.0, 0.0, 0.0, 0.0, 0.0, 0.0, 0.0, 0.0, 0.0, 0.0, 10.980191905075745, 17.3891945934976, 15.839850626530193, 15.222302755132436, 23.732418068703, 20.365792840618923, 9.787017155261763, 18.054205531100077, 10.71177296712738, 20.993863403227632, 10.71205675179165, 18.657959700279207, 9.318818745946146, 24.651402679888463, 18.657959700279207, 10.980191905075745, 9.787017155261763, 17.3891945934976, 15.839850626530193, 18.054205531100077, 0.0, 0.0, 0.0, 0.0, 0.0, 0.0, 0.0, 0.0, 0.0, 0.0, 0.0, 0.0, 0.0, 0.0, 0.0, 0.0, 0.0, 0.0, 0.0, 0.0, 0.0, 0.0, 0.0, 0.0, 0.0, 0.0, 0.0, 0.0, 0.0, 0.0], [0.0, 0.0, 0.0, 0.0, 0.0, 0.0, 0.0, 0.0, 0.0, 0.0, 0.0, 0.0, 0.0, 0.0, 0.0, 0.0, 0.0, 0.0, 0.0, 0.0, 0.0, 0.0, 0.0, 0.0, 0.0, 0.0, 0.0, 0.0, 0.0, 0.0, 10.980191905075745, 17.3891945934976, 15.839850626530193, 15.222302755132436, 23.732418068703, 20.365792840618923, 9.787017155261763, 18.054205531100077, 10.71177296712738, 20.993863403227632, 10.71205675179165, 18.657959700279207, 9.318818745946146, 24.651402679888463, 18.657959700279207, 10.980191905075745, 9.787017155261763, 17.3891945934976, 15.839850626530193, 18.054205531100077, 0.0, 0.0, 0.0, 0.0, 0.0, 0.0, 0.0, 0.0, 0.0, 0.0, 0.0, 0.0, 0.0, 0.0, 0.0, 0.0, 0.0, 0.0, 0.0, 0.0, 0.0, 0.0, 0.0, 0.0, 0.0, 0.0, 0.0, 0.0, 0.0, 0.0], [10.980191905075745, 10.980191905075745, 10.980191905075745, 10.980191905075745, 10.980191905075745, 10.980191905075745, 10.980191905075745, 10.980191905075745, 10.980191905075745, 10.980191905075745, 10.980191905075745, 10.980191905075745, 10.980191905075745, 10.980191905075745, 10.980191905075745, 10.980191905075745, 10.980191905075745, 10.980191905075745, 10.980191905075745, 10.980191905075745, 10.980191905075745, 10.980191905075745, 10.980191905075745, 10.980191905075745, 10.980191905075745, 10.980191905075745, 10.980191905075745, 10.980191905075745, 10.980191905075745, 10.980191905075745, 0.0, 6.4405312614297054, 13.71973376513349, 19.577028209325956, 13.648307050605055, 22.322003383149635, 18.725071554121705, 22.63090214705202, 19.909886811339316, 13.712108150413576, 2.7837889790853523, 10.523768219578969, 17.005952935861288, 24.09525377906592, 10.523768219578969, 0.0, 18.725071554121705, 6.4405312614297054, 13.71973376513349, 22.63090214705202, 10.980191905075745, 10.980191905075745, 10.980191905075745, 10.980191905075745, 10.980191905075745, 10.980191905075745, 10.980191905075745, 10.980191905075745, 10.980191905075745, 10.980191905075745, 10.980191905075745, 10.980191905075745, 10.980191905075745, 10.980191905075745, 10.980191905075745, 10.980191905075745, 10.980191905075745, 10.980191905075745, 10.980191905075745, 10.980191905075745, 10.980191905075745, 10.980191905075745, 10.980191905075745, 10.980191905075745, 10.980191905075745, 10.980191905075745, 10.980191905075745, 10.980191905075745, 10.980191905075745, 10.980191905075745], [17.3891945934976, 17.3891945934976, 17.3891945934976, 17.3891945934976, 17.3891945934976, 17.3891945934976, 17.3891945934976, 17.3891945934976, 17.3891945934976, 17.3891945934976, 17.3891945934976, 17.3891945934976, 17.3891945934976, 17.3891945934976, 17.3891945934976, 17.3891945934976, 17.3891945934976, 17.3891945934976, 17.3891945934976, 17.3891945934976, 17.3891945934976, 17.3891945934976, 17.3891945934976, 17.3891945934976, 17.3891945934976, 17.3891945934976, 17.3891945934976, 17.3891945934976, 17.3891945934976, 17.3891945934976, 6.4405312614297054, 0.0, 15.551307575802227, 23.63966269540061, 8.198544679928231, 25.020352943250266, 24.461390660114095, 26.526655360780506, 25.680369903031615, 11.526222426959672, 7.264856018677754, 8.34897095296392, 22.471047539259885, 25.267948170591687, 8.34897095296392, 6.4405312614297054, 24.461390660114095, 0.0, 15.551307575802227, 26.526655360780506, 17.3891945934976, 17.3891945934976, 17.3891945934976, 17.3891945934976, 17.3891945934976, 17.3891945934976, 17.3891945934976, 17.3891945934976, 17.3891945934976, 17.3891945934976, 17.3891945934976, 17.3891945934976, 17.3891945934976, 17.3891945934976, 17.3891945934976, 17.3891945934976, 17.3891945934976, 17.3891945934976, 17.3891945934976, 17.3891945934976, 17.3891945934976, 17.3891945934976, 17.3891945934976, 17.3891945934976, 17.3891945934976, 17.3891945934976, 17.3891945934976, 17.3891945934976, 17.3891945934976, 17.3891945934976], [15.839850626530193, 15.839850626530193, 15.839850626530193, 15.839850626530193, 15.839850626530193, 15.839850626530193, 15.839850626530193, 15.839850626530193, 15.839850626530193, 15.839850626530193, 15.839850626530193, 15.839850626530193, 15.839850626530193, 15.839850626530193, 15.839850626530193, 15.839850626530193, 15.839850626530193, 15.839850626530193, 15.839850626530193, 15.839850626530193, 15.839850626530193, 15.839850626530193, 15.839850626530193, 15.839850626530193, 15.839850626530193, 15.839850626530193, 15.839850626530193, 15.839850626530193, 15.839850626530193, 15.839850626530193, 13.71973376513349, 15.551307575802227, 0.0, 9.900229690080712, 15.675121550004844, 9.538301328464385, 15.586656944967967, 12.13578468191319, 16.669409732218124, 8.729412357062376, 10.937559629112519, 9.082931293037882, 13.033732164590191, 10.379502416967172, 9.082931293037882, 13.71973376513349, 15.586656944967967, 15.551307575802227, 0.0, 12.13578468191319, 15.839850626530193, 15.839850626530193, 15.839850626530193, 15.839850626530193, 15.839850626530193, 15.839850626530193, 15.839850626530193, 15.839850626530193, 15.839850626530193, 15.839850626530193, 15.839850626530193, 15.839850626530193, 15.839850626530193, 15.839850626530193, 15.839850626530193, 15.839850626530193, 15.839850626530193, 15.839850626530193, 15.839850626530193, 15.839850626530193, 15.839850626530193, 15.839850626530193, 15.839850626530193, 15.839850626530193, 15.839850626530193, 15.839850626530193, 15.839850626530193, 15.839850626530193, 15.839850626530193, 15.839850626530193], [15.222302755132436, 15.222302755132436, 15.222302755132436, 15.222302755132436, 15.222302755132436, 15.222302755132436, 15.222302755132436, 15.222302755132436, 15.222302755132436, 15.222302755132436, 15.222302755132436, 15.222302755132436, 15.222302755132436, 15.222302755132436, 15.222302755132436, 15.222302755132436, 15.222302755132436, 15.222302755132436, 15.222302755132436, 15.222302755132436, 15.222302755132436, 15.222302755132436, 15.222302755132436, 15.222302755132436, 15.222302755132436, 15.222302755132436, 15.222302755132436, 15.222302755132436, 15.222302755132436, 15.222302755132436, 19.577028209325956, 23.63966269540061, 9.900229690080712, 0.0, 25.38841764926468, 6.000582901840236, 8.86577038311072, 3.0829497953376066, 9.44180343382743, 18.625837163050758, 17.129450871320966, 18.723028631280826, 7.007895710071325, 11.808865908769167, 18.723028631280826, 19.577028209325956, 8.86577038311072, 23.63966269540061, 9.900229690080712, 3.0829497953376066, 15.222302755132436, 15.222302755132436, 15.222302755132436, 15.222302755132436, 15.222302755132436, 15.222302755132436, 15.222302755132436, 15.222302755132436, 15.222302755132436, 15.222302755132436, 15.222302755132436, 15.222302755132436, 15.222302755132436, 15.222302755132436, 15.222302755132436, 15.222302755132436, 15.222302755132436, 15.222302755132436, 15.222302755132436, 15.222302755132436, 15.222302755132436, 15.222302755132436, 15.222302755132436, 15.222302755132436, 15.222302755132436, 15.222302755132436, 15.222302755132436, 15.222302755132436, 15.222302755132436, 15.222302755132436], [23.732418068703, 23.732418068703, 23.732418068703, 23.732418068703, 23.732418068703, 23.732418068703, 23.732418068703, 23.732418068703, 23.732418068703, 23.732418068703, 23.732418068703, 23.732418068703, 23.732418068703, 23.732418068703, 23.732418068703, 23.732418068703, 23.732418068703, 23.732418068703, 23.732418068703, 23.732418068703, 23.732418068703, 23.732418068703, 23.732418068703, 23.732418068703, 23.732418068703, 23.732418068703, 23.732418068703, 23.732418068703, 23.732418068703, 23.732418068703, 13.648307050605055, 8.198544679928231, 15.675121550004844, 25.38841764926468, 0.0, 24.79089314244959, 28.775416665126663, 27.800776594706782, 30.0, 7.719134315117481, 13.04123852112599, 6.666804036301659, 26.42102438715852, 23.041687162663635, 6.666804036301659, 13.648307050605055, 28.775416665126663, 8.198544679928231, 15.675121550004844, 27.800776594706782, 23.732418068703, 23.732418068703, 23.732418068703, 23.732418068703, 23.732418068703, 23.732418068703, 23.732418068703, 23.732418068703, 23.732418068703, 23.732418068703, 23.732418068703, 23.732418068703, 23.732418068703, 23.732418068703, 23.732418068703, 23.732418068703, 23.732418068703, 23.732418068703, 23.732418068703, 23.732418068703, 23.732418068703, 23.732418068703, 23.732418068703, 23.732418068703, 23.732418068703, 23.732418068703, 23.732418068703, 23.732418068703, 23.732418068703, 23.732418068703], [20.365792840618923, 20.365792840618923, 20.365792840618923, 20.365792840618923, 20.365792840618923, 20.365792840618923, 20.365792840618923, 20.365792840618923, 20.365792840618923, 20.365792840618923, 20.365792840618923, 20.365792840618923, 20.365792840618923, 20.365792840618923, 20.365792840618923, 20.365792840618923, 20.365792840618923, 20.365792840618923, 20.365792840618923, 20.365792840618923, 20.365792840618923, 20.365792840618923, 20.365792840618923, 20.365792840618923, 20.365792840618923, 20.365792840618923, 20.365792840618923, 20.365792840618923, 20.365792840618923, 20.365792840618923, 22.322003383149635, 25.020352943250266, 9.538301328464385, 6.000582901840236, 24.79089314244959, 0.0, 14.865850771699433, 5.298388066735753, 15.40853064496085, 17.26301338793841, 19.605085647326682, 18.419452494507247, 12.93996436691204, 6.08881903133493, 18.419452494507247, 22.322003383149635, 14.865850771699433, 25.020352943250266, 9.538301328464385, 5.298388066735753, 20.365792840618923, 20.365792840618923, 20.365792840618923, 20.365792840618923, 20.365792840618923, 20.365792840618923, 20.365792840618923, 20.365792840618923, 20.365792840618923, 20.365792840618923, 20.365792840618923, 20.365792840618923, 20.365792840618923, 20.365792840618923, 20.365792840618923, 20.365792840618923, 20.365792840618923, 20.365792840618923, 20.365792840618923, 20.365792840618923, 20.365792840618923, 20.365792840618923, 20.365792840618923, 20.365792840618923, 20.365792840618923, 20.365792840618923, 20.365792840618923, 20.365792840618923, 20.365792840618923, 20.365792840618923], [9.787017155261763, 9.787017155261763, 9.787017155261763, 9.787017155261763, 9.787017155261763, 9.787017155261763, 9.787017155261763, 9.787017155261763, 9.787017155261763, 9.787017155261763, 9.787017155261763, 9.787017155261763, 9.787017155261763, 9.787017155261763, 9.787017155261763, 9.787017155261763, 9.787017155261763, 9.787017155261763, 9.787017155261763, 9.787017155261763, 9.787017155261763, 9.787017155261763, 9.787017155261763, 9.787017155261763, 9.787017155261763, 9.787017155261763, 9.787017155261763, 9.787017155261763, 9.787017155261763, 9.787017155261763, 18.725071554121705, 24.461390660114095, 15.586656944967967, 8.86577038311072, 28.775416665126663, 14.865850771699433, 0.0, 10.632979918673225, 1.2321762136571985, 23.581550373074144, 17.198009993252942, 22.459785770410974, 2.5537030027717327, 20.572741765305736, 22.459785770410974, 18.725071554121705, 0.0, 24.461390660114095, 15.586656944967967, 10.632979918673225, 9.787017155261763, 9.787017155261763, 9.787017155261763, 9.787017155261763, 9.787017155261763, 9.787017155261763, 9.787017155261763, 9.787017155261763, 9.787017155261763, 9.787017155261763, 9.787017155261763, 9.787017155261763, 9.787017155261763, 9.787017155261763, 9.787017155261763, 9.787017155261763, 9.787017155261763, 9.787017155261763, 9.787017155261763, 9.787017155261763, 9.787017155261763, 9.787017155261763, 9.787017155261763, 9.787017155261763, 9.787017155261763, 9.787017155261763, 9.787017155261763, 9.787017155261763, 9.787017155261763, 9.787017155261763], [18.054205531100077, 18.054205531100077, 18.054205531100077, 18.054205531100077, 18.054205531100077, 18.054205531100077, 18.054205531100077, 18.054205531100077, 18.054205531100077, 18.054205531100077, 18.054205531100077, 18.054205531100077, 18.054205531100077, 18.054205531100077, 18.054205531100077, 18.054205531100077, 18.054205531100077, 18.054205531100077, 18.054205531100077, 18.054205531100077, 18.054205531100077, 18.054205531100077, 18.054205531100077, 18.054205531100077, 18.054205531100077, 18.054205531100077, 18.054205531100077, 18.054205531100077, 18.054205531100077, 18.054205531100077, 22.63090214705202, 26.526655360780506, 12.13578468191319, 3.0829497953376066, 27.800776594706782, 5.298388066735753, 10.632979918673225, 0.0, 10.903362146004241, 20.72578767038441, 20.14916667736283, 21.16940980352648, 9.292206074114846, 11.370939340037307, 21.16940980352648, 22.63090214705202, 10.632979918673225, 26.526655360780506, 12.13578468191319, 0.0, 18.054205531100077, 18.054205531100077, 18.054205531100077, 18.054205531100077, 18.054205531100077, 18.054205531100077, 18.054205531100077, 18.054205531100077, 18.054205531100077, 18.054205531100077, 18.054205531100077, 18.054205531100077, 18.054205531100077, 18.054205531100077, 18.054205531100077, 18.054205531100077, 18.054205531100077, 18.054205531100077, 18.054205531100077, 18.054205531100077, 18.054205531100077, 18.054205531100077, 18.054205531100077, 18.054205531100077, 18.054205531100077, 18.054205531100077, 18.054205531100077, 18.054205531100077, 18.054205531100077, 18.054205531100077], [10.71177296712738, 10.71177296712738, 10.71177296712738, 10.71177296712738, 10.71177296712738, 10.71177296712738, 10.71177296712738, 10.71177296712738, 10.71177296712738, 10.71177296712738, 10.71177296712738, 10.71177296712738, 10.71177296712738, 10.71177296712738, 10.71177296712738, 10.71177296712738, 10.71177296712738, 10.71177296712738, 10.71177296712738, 10.71177296712738, 10.71177296712738, 10.71177296712738, 10.71177296712738, 10.71177296712738, 10.71177296712738, 10.71177296712738, 10.71177296712738, 10.71177296712738, 10.71177296712738, 10.71177296712738, 19.909886811339316, 25.680369903031615, 16.669409732218124, 9.44180343382743, 30.0, 15.40853064496085, 1.2321762136571985, 10.903362146004241, 0.0, 24.74928623959338, 18.415992675284627, 23.669258534429687, 3.6853439995898127, 21.23321507043525, 23.669258534429687, 19.909886811339316, 1.2321762136571985, 25.680369903031615, 16.669409732218124, 10.903362146004241, 10.71177296712738, 10.71177296712738, 10.71177296712738, 10.71177296712738, 10.71177296712738, 10.71177296712738, 10.71177296712738, 10.71177296712738, 10.71177296712738, 10.71177296712738, 10.71177296712738, 10.71177296712738, 10.71177296712738, 10.71177296712738, 10.71177296712738, 10.71177296712738, 10.71177296712738, 10.71177296712738, 10.71177296712738, 10.71177296712738, 10.71177296712738, 10.71177296712738, 10.71177296712738, 10.71177296712738, 10.71177296712738, 10.71177296712738, 10.71177296712738, 10.71177296712738, 10.71177296712738, 10.71177296712738], [20.993863403227632, 20.993863403227632, 20.993863403227632, 20.993863403227632, 20.993863403227632, 20.993863403227632, 20.993863403227632, 20.993863403227632, 20.993863403227632, 20.993863403227632, 20.993863403227632, 20.993863403227632, 20.993863403227632, 20.993863403227632, 20.993863403227632, 20.993863403227632, 20.993863403227632, 20.993863403227632, 20.993863403227632, 20.993863403227632, 20.993863403227632, 20.993863403227632, 20.993863403227632, 20.993863403227632, 20.993863403227632, 20.993863403227632, 20.993863403227632, 20.993863403227632, 20.993863403227632, 20.993863403227632, 13.712108150413576, 11.526222426959672, 8.729412357062376, 18.625837163050758, 7.719134315117481, 17.26301338793841, 23.581550373074144, 20.72578767038441, 24.74928623959338, 0.0, 11.675562993095127, 3.314829565861625, 21.06462046467013, 15.342819537799159, 3.314829565861625, 13.712108150413576, 23.581550373074144, 11.526222426959672, 8.729412357062376, 20.72578767038441, 20.993863403227632, 20.993863403227632, 20.993863403227632, 20.993863403227632, 20.993863403227632, 20.993863403227632, 20.993863403227632, 20.993863403227632, 20.993863403227632, 20.993863403227632, 20.993863403227632, 20.993863403227632, 20.993863403227632, 20.993863403227632, 20.993863403227632, 20.993863403227632, 20.993863403227632, 20.993863403227632, 20.993863403227632, 20.993863403227632, 20.993863403227632, 20.993863403227632, 20.993863403227632, 20.993863403227632, 20.993863403227632, 20.993863403227632, 20.993863403227632, 20.993863403227632, 20.993863403227632, 20.993863403227632], [10.71205675179165, 10.71205675179165, 10.71205675179165, 10.71205675179165, 10.71205675179165, 10.71205675179165, 10.71205675179165, 10.71205675179165, 10.71205675179165, 10.71205675179165, 10.71205675179165, 10.71205675179165, 10.71205675179165, 10.71205675179165, 10.71205675179165, 10.71205675179165, 10.71205675179165, 10.71205675179165, 10.71205675179165, 10.71205675179165, 10.71205675179165, 10.71205675179165, 10.71205675179165, 10.71205675179165, 10.71205675179165, 10.71205675179165, 10.71205675179165, 10.71205675179165, 10.71205675179165, 10.71205675179165, 2.7837889790853523, 7.264856018677754, 10.937559629112519, 17.129450871320966, 13.04123852112599, 19.605085647326682, 17.198009993252942, 20.14916667736283, 18.415992675284627, 11.675562993095127, 0.0, 8.70480895852501, 15.245042800479007, 21.31482653764786, 8.70480895852501, 2.7837889790853523, 17.198009993252942, 7.264856018677754, 10.937559629112519, 20.14916667736283, 10.71205675179165, 10.71205675179165, 10.71205675179165, 10.71205675179165, 10.71205675179165, 10.71205675179165, 10.71205675179165, 10.71205675179165, 10.71205675179165, 10.71205675179165, 10.71205675179165, 10.71205675179165, 10.71205675179165, 10.71205675179165, 10.71205675179165, 10.71205675179165, 10.71205675179165, 10.71205675179165, 10.71205675179165, 10.71205675179165, 10.71205675179165, 10.71205675179165, 10.71205675179165, 10.71205675179165, 10.71205675179165, 10.71205675179165, 10.71205675179165, 10.71205675179165, 10.71205675179165, 10.71205675179165], [18.657959700279207, 18.657959700279207, 18.657959700279207, 18.657959700279207, 18.657959700279207, 18.657959700279207, 18.657959700279207, 18.657959700279207, 18.657959700279207, 18.657959700279207, 18.657959700279207, 18.657959700279207, 18.657959700279207, 18.657959700279207, 18.657959700279207, 18.657959700279207, 18.657959700279207, 18.657959700279207, 18.657959700279207, 18.657959700279207, 18.657959700279207, 18.657959700279207, 18.657959700279207, 18.657959700279207, 18.657959700279207, 18.657959700279207, 18.657959700279207, 18.657959700279207, 18.657959700279207, 18.657959700279207, 10.523768219578969, 8.34897095296392, 9.082931293037882, 18.723028631280826, 6.666804036301659, 18.419452494507247, 22.459785770410974, 21.16940980352648, 23.669258534429687, 3.314829565861625, 8.70480895852501, 0.0, 20.03111116439832, 17.48933836050389, 0.0, 10.523768219578969, 22.459785770410974, 8.34897095296392, 9.082931293037882, 21.16940980352648, 18.657959700279207, 18.657959700279207, 18.657959700279207, 18.657959700279207, 18.657959700279207, 18.657959700279207, 18.657959700279207, 18.657959700279207, 18.657959700279207, 18.657959700279207, 18.657959700279207, 18.657959700279207, 18.657959700279207, 18.657959700279207, 18.657959700279207, 18.657959700279207, 18.657959700279207, 18.657959700279207, 18.657959700279207, 18.657959700279207, 18.657959700279207, 18.657959700279207, 18.657959700279207, 18.657959700279207, 18.657959700279207, 18.657959700279207, 18.657959700279207, 18.657959700279207, 18.657959700279207, 18.657959700279207], [9.318818745946146, 9.318818745946146, 9.318818745946146, 9.318818745946146, 9.318818745946146, 9.318818745946146, 9.318818745946146, 9.318818745946146, 9.318818745946146, 9.318818745946146, 9.318818745946146, 9.318818745946146, 9.318818745946146, 9.318818745946146, 9.318818745946146, 9.318818745946146, 9.318818745946146, 9.318818745946146, 9.318818745946146, 9.318818745946146, 9.318818745946146, 9.318818745946146, 9.318818745946146, 9.318818745946146, 9.318818745946146, 9.318818745946146, 9.318818745946146, 9.318818745946146, 9.318818745946146, 9.318818745946146, 17.005952935861288, 22.471047539259885, 13.033732164590191, 7.007895710071325, 26.42102438715852, 12.93996436691204, 2.5537030027717327, 9.292206074114846, 3.6853439995898127, 21.06462046467013, 15.245042800479007, 20.03111116439832, 0.0, 18.424253701023936, 20.03111116439832, 17.005952935861288, 2.5537030027717327, 22.471047539259885, 13.033732164590191, 9.292206074114846, 9.318818745946146, 9.318818745946146, 9.318818745946146, 9.318818745946146, 9.318818745946146, 9.318818745946146, 9.318818745946146, 9.318818745946146, 9.318818745946146, 9.318818745946146, 9.318818745946146, 9.318818745946146, 9.318818745946146, 9.318818745946146, 9.318818745946146, 9.318818745946146, 9.318818745946146, 9.318818745946146, 9.318818745946146, 9.318818745946146, 9.318818745946146, 9.318818745946146, 9.318818745946146, 9.318818745946146, 9.318818745946146, 9.318818745946146, 9.318818745946146, 9.318818745946146, 9.318818745946146, 9.318818745946146], [24.651402679888463, 24.651402679888463, 24.651402679888463, 24.651402679888463, 24.651402679888463, 24.651402679888463, 24.651402679888463, 24.651402679888463, 24.651402679888463, 24.651402679888463, 24.651402679888463, 24.651402679888463, 24.651402679888463, 24.651402679888463, 24.651402679888463, 24.651402679888463, 24.651402679888463, 24.651402679888463, 24.651402679888463, 24.651402679888463, 24.651402679888463, 24.651402679888463, 24.651402679888463, 24.651402679888463, 24.651402679888463, 24.651402679888463, 24.651402679888463, 24.651402679888463, 24.651402679888463, 24.651402679888463, 24.09525377906592, 25.267948170591687, 10.379502416967172, 11.808865908769167, 23.041687162663635, 6.08881903133493, 20.572741765305736, 11.370939340037307, 21.23321507043525, 15.342819537799159, 21.31482653764786, 17.48933836050389, 18.424253701023936, 0.0, 17.48933836050389, 24.09525377906592, 20.572741765305736, 25.267948170591687, 10.379502416967172, 11.370939340037307, 24.651402679888463, 24.651402679888463, 24.651402679888463, 24.651402679888463, 24.651402679888463, 24.651402679888463, 24.651402679888463, 24.651402679888463, 24.651402679888463, 24.651402679888463, 24.651402679888463, 24.651402679888463, 24.651402679888463, 24.651402679888463, 24.651402679888463, 24.651402679888463, 24.651402679888463, 24.651402679888463, 24.651402679888463, 24.651402679888463, 24.651402679888463, 24.651402679888463, 24.651402679888463, 24.651402679888463, 24.651402679888463, 24.651402679888463, 24.651402679888463, 24.651402679888463, 24.651402679888463, 24.651402679888463], [18.657959700279207, 18.657959700279207, 18.657959700279207, 18.657959700279207, 18.657959700279207, 18.657959700279207, 18.657959700279207, 18.657959700279207, 18.657959700279207, 18.657959700279207, 18.657959700279207, 18.657959700279207, 18.657959700279207, 18.657959700279207, 18.657959700279207, 18.657959700279207, 18.657959700279207, 18.657959700279207, 18.657959700279207, 18.657959700279207, 18.657959700279207, 18.657959700279207, 18.657959700279207, 18.657959700279207, 18.657959700279207, 18.657959700279207, 18.657959700279207, 18.657959700279207, 18.657959700279207, 18.657959700279207, 10.523768219578969, 8.34897095296392, 9.082931293037882, 18.723028631280826, 6.666804036301659, 18.419452494507247, 22.459785770410974, 21.16940980352648, 23.669258534429687, 3.314829565861625, 8.70480895852501, 0.0, 20.03111116439832, 17.48933836050389, 0.0, 10.523768219578969, 22.459785770410974, 8.34897095296392, 9.082931293037882, 21.16940980352648, 18.657959700279207, 18.657959700279207, 18.657959700279207, 18.657959700279207, 18.657959700279207, 18.657959700279207, 18.657959700279207, 18.657959700279207, 18.657959700279207, 18.657959700279207, 18.657959700279207, 18.657959700279207, 18.657959700279207, 18.657959700279207, 18.657959700279207, 18.657959700279207, 18.657959700279207, 18.657959700279207, 18.657959700279207, 18.657959700279207, 18.657959700279207, 18.657959700279207, 18.657959700279207, 18.657959700279207, 18.657959700279207, 18.657959700279207, 18.657959700279207, 18.657959700279207, 18.657959700279207, 18.657959700279207], [10.980191905075745, 10.980191905075745, 10.980191905075745, 10.980191905075745, 10.980191905075745, 10.980191905075745, 10.980191905075745, 10.980191905075745, 10.980191905075745, 10.980191905075745, 10.980191905075745, 10.980191905075745, 10.980191905075745, 10.980191905075745, 10.980191905075745, 10.980191905075745, 10.980191905075745, 10.980191905075745, 10.980191905075745, 10.980191905075745, 10.980191905075745, 10.980191905075745, 10.980191905075745, 10.980191905075745, 10.980191905075745, 10.980191905075745, 10.980191905075745, 10.980191905075745, 10.980191905075745, 10.980191905075745, 0.0, 6.4405312614297054, 13.71973376513349, 19.577028209325956, 13.648307050605055, 22.322003383149635, 18.725071554121705, 22.63090214705202, 19.909886811339316, 13.712108150413576, 2.7837889790853523, 10.523768219578969, 17.005952935861288, 24.09525377906592, 10.523768219578969, 0.0, 18.725071554121705, 6.4405312614297054, 13.71973376513349, 22.63090214705202, 10.980191905075745, 10.980191905075745, 10.980191905075745, 10.980191905075745, 10.980191905075745, 10.980191905075745, 10.980191905075745, 10.980191905075745, 10.980191905075745, 10.980191905075745, 10.980191905075745, 10.980191905075745, 10.980191905075745, 10.980191905075745, 10.980191905075745, 10.980191905075745, 10.980191905075745, 10.980191905075745, 10.980191905075745, 10.980191905075745, 10.980191905075745, 10.980191905075745, 10.980191905075745, 10.980191905075745, 10.980191905075745, 10.980191905075745, 10.980191905075745, 10.980191905075745, 10.980191905075745, 10.980191905075745], [9.787017155261763, 9.787017155261763, 9.787017155261763, 9.787017155261763, 9.787017155261763, 9.787017155261763, 9.787017155261763, 9.787017155261763, 9.787017155261763, 9.787017155261763, 9.787017155261763, 9.787017155261763, 9.787017155261763, 9.787017155261763, 9.787017155261763, 9.787017155261763, 9.787017155261763, 9.787017155261763, 9.787017155261763, 9.787017155261763, 9.787017155261763, 9.787017155261763, 9.787017155261763, 9.787017155261763, 9.787017155261763, 9.787017155261763, 9.787017155261763, 9.787017155261763, 9.787017155261763, 9.787017155261763, 18.725071554121705, 24.461390660114095, 15.586656944967967, 8.86577038311072, 28.775416665126663, 14.865850771699433, 0.0, 10.632979918673225, 1.2321762136571985, 23.581550373074144, 17.198009993252942, 22.459785770410974, 2.5537030027717327, 20.572741765305736, 22.459785770410974, 18.725071554121705, 0.0, 24.461390660114095, 15.586656944967967, 10.632979918673225, 9.787017155261763, 9.787017155261763, 9.787017155261763, 9.787017155261763, 9.787017155261763, 9.787017155261763, 9.787017155261763, 9.787017155261763, 9.787017155261763, 9.787017155261763, 9.787017155261763, 9.787017155261763, 9.787017155261763, 9.787017155261763, 9.787017155261763, 9.787017155261763, 9.787017155261763, 9.787017155261763, 9.787017155261763, 9.787017155261763, 9.787017155261763, 9.787017155261763, 9.787017155261763, 9.787017155261763, 9.787017155261763, 9.787017155261763, 9.787017155261763, 9.787017155261763, 9.787017155261763, 9.787017155261763], [17.3891945934976, 17.3891945934976, 17.3891945934976, 17.3891945934976, 17.3891945934976, 17.3891945934976, 17.3891945934976, 17.3891945934976, 17.3891945934976, 17.3891945934976, 17.3891945934976, 17.3891945934976, 17.3891945934976, 17.3891945934976, 17.3891945934976, 17.3891945934976, 17.3891945934976, 17.3891945934976, 17.3891945934976, 17.3891945934976, 17.3891945934976, 17.3891945934976, 17.3891945934976, 17.3891945934976, 17.3891945934976, 17.3891945934976, 17.3891945934976, 17.3891945934976, 17.3891945934976, 17.3891945934976, 6.4405312614297054, 0.0, 15.551307575802227, 23.63966269540061, 8.198544679928231, 25.020352943250266, 24.461390660114095, 26.526655360780506, 25.680369903031615, 11.526222426959672, 7.264856018677754, 8.34897095296392, 22.471047539259885, 25.267948170591687, 8.34897095296392, 6.4405312614297054, 24.461390660114095, 0.0, 15.551307575802227, 26.526655360780506, 17.3891945934976, 17.3891945934976, 17.3891945934976, 17.3891945934976, 17.3891945934976, 17.3891945934976, 17.3891945934976, 17.3891945934976, 17.3891945934976, 17.3891945934976, 17.3891945934976, 17.3891945934976, 17.3891945934976, 17.3891945934976, 17.3891945934976, 17.3891945934976, 17.3891945934976, 17.3891945934976, 17.3891945934976, 17.3891945934976, 17.3891945934976, 17.3891945934976, 17.3891945934976, 17.3891945934976, 17.3891945934976, 17.3891945934976, 17.3891945934976, 17.3891945934976, 17.3891945934976, 17.3891945934976], [15.839850626530193, 15.839850626530193, 15.839850626530193, 15.839850626530193, 15.839850626530193, 15.839850626530193, 15.839850626530193, 15.839850626530193, 15.839850626530193, 15.839850626530193, 15.839850626530193, 15.839850626530193, 15.839850626530193, 15.839850626530193, 15.839850626530193, 15.839850626530193, 15.839850626530193, 15.839850626530193, 15.839850626530193, 15.839850626530193, 15.839850626530193, 15.839850626530193, 15.839850626530193, 15.839850626530193, 15.839850626530193, 15.839850626530193, 15.839850626530193, 15.839850626530193, 15.839850626530193, 15.839850626530193, 13.71973376513349, 15.551307575802227, 0.0, 9.900229690080712, 15.675121550004844, 9.538301328464385, 15.586656944967967, 12.13578468191319, 16.669409732218124, 8.729412357062376, 10.937559629112519, 9.082931293037882, 13.033732164590191, 10.379502416967172, 9.082931293037882, 13.71973376513349, 15.586656944967967, 15.551307575802227, 0.0, 12.13578468191319, 15.839850626530193, 15.839850626530193, 15.839850626530193, 15.839850626530193, 15.839850626530193, 15.839850626530193, 15.839850626530193, 15.839850626530193, 15.839850626530193, 15.839850626530193, 15.839850626530193, 15.839850626530193, 15.839850626530193, 15.839850626530193, 15.839850626530193, 15.839850626530193, 15.839850626530193, 15.839850626530193, 15.839850626530193, 15.839850626530193, 15.839850626530193, 15.839850626530193, 15.839850626530193, 15.839850626530193, 15.839850626530193, 15.839850626530193, 15.839850626530193, 15.839850626530193, 15.839850626530193, 15.839850626530193], [18.054205531100077, 18.054205531100077, 18.054205531100077, 18.054205531100077, 18.054205531100077, 18.054205531100077, 18.054205531100077, 18.054205531100077, 18.054205531100077, 18.054205531100077, 18.054205531100077, 18.054205531100077, 18.054205531100077, 18.054205531100077, 18.054205531100077, 18.054205531100077, 18.054205531100077, 18.054205531100077, 18.054205531100077, 18.054205531100077, 18.054205531100077, 18.054205531100077, 18.054205531100077, 18.054205531100077, 18.054205531100077, 18.054205531100077, 18.054205531100077, 18.054205531100077, 18.054205531100077, 18.054205531100077, 22.63090214705202, 26.526655360780506, 12.13578468191319, 3.0829497953376066, 27.800776594706782, 5.298388066735753, 10.632979918673225, 0.0, 10.903362146004241, 20.72578767038441, 20.14916667736283, 21.16940980352648, 9.292206074114846, 11.370939340037307, 21.16940980352648, 22.63090214705202, 10.632979918673225, 26.526655360780506, 12.13578468191319, 0.0, 18.054205531100077, 18.054205531100077, 18.054205531100077, 18.054205531100077, 18.054205531100077, 18.054205531100077, 18.054205531100077, 18.054205531100077, 18.054205531100077, 18.054205531100077, 18.054205531100077, 18.054205531100077, 18.054205531100077, 18.054205531100077, 18.054205531100077, 18.054205531100077, 18.054205531100077, 18.054205531100077, 18.054205531100077, 18.054205531100077, 18.054205531100077, 18.054205531100077, 18.054205531100077, 18.054205531100077, 18.054205531100077, 18.054205531100077, 18.054205531100077, 18.054205531100077, 18.054205531100077, 18.054205531100077], [0.0, 0.0, 0.0, 0.0, 0.0, 0.0, 0.0, 0.0, 0.0, 0.0, 0.0, 0.0, 0.0, 0.0, 0.0, 0.0, 0.0, 0.0, 0.0, 0.0, 0.0, 0.0, 0.0, 0.0, 0.0, 0.0, 0.0, 0.0, 0.0, 0.0, 10.980191905075745, 17.3891945934976, 15.839850626530193, 15.222302755132436, 23.732418068703, 20.365792840618923, 9.787017155261763, 18.054205531100077, 10.71177296712738, 20.993863403227632, 10.71205675179165, 18.657959700279207, 9.318818745946146, 24.651402679888463, 18.657959700279207, 10.980191905075745, 9.787017155261763, 17.3891945934976, 15.839850626530193, 18.054205531100077, 0.0, 0.0, 0.0, 0.0, 0.0, 0.0, 0.0, 0.0, 0.0, 0.0, 0.0, 0.0, 0.0, 0.0, 0.0, 0.0, 0.0, 0.0, 0.0, 0.0, 0.0, 0.0, 0.0, 0.0, 0.0, 0.0, 0.0, 0.0, 0.0, 0.0], [0.0, 0.0, 0.0, 0.0, 0.0, 0.0, 0.0, 0.0, 0.0, 0.0, 0.0, 0.0, 0.0, 0.0, 0.0, 0.0, 0.0, 0.0, 0.0, 0.0, 0.0, 0.0, 0.0, 0.0, 0.0, 0.0, 0.0, 0.0, 0.0, 0.0, 10.980191905075745, 17.3891945934976, 15.839850626530193, 15.222302755132436, 23.732418068703, 20.365792840618923, 9.787017155261763, 18.054205531100077, 10.71177296712738, 20.993863403227632, 10.71205675179165, 18.657959700279207, 9.318818745946146, 24.651402679888463, 18.657959700279207, 10.980191905075745, 9.787017155261763, 17.3891945934976, 15.839850626530193, 18.054205531100077, 0.0, 0.0, 0.0, 0.0, 0.0, 0.0, 0.0, 0.0, 0.0, 0.0, 0.0, 0.0, 0.0, 0.0, 0.0, 0.0, 0.0, 0.0, 0.0, 0.0, 0.0, 0.0, 0.0, 0.0, 0.0, 0.0, 0.0, 0.0, 0.0, 0.0], [0.0, 0.0, 0.0, 0.0, 0.0, 0.0, 0.0, 0.0, 0.0, 0.0, 0.0, 0.0, 0.0, 0.0, 0.0, 0.0, 0.0, 0.0, 0.0, 0.0, 0.0, 0.0, 0.0, 0.0, 0.0, 0.0, 0.0, 0.0, 0.0, 0.0, 10.980191905075745, 17.3891945934976, 15.839850626530193, 15.222302755132436, 23.732418068703, 20.365792840618923, 9.787017155261763, 18.054205531100077, 10.71177296712738, 20.993863403227632, 10.71205675179165, 18.657959700279207, 9.318818745946146, 24.651402679888463, 18.657959700279207, 10.980191905075745, 9.787017155261763, 17.3891945934976, 15.839850626530193, 18.054205531100077, 0.0, 0.0, 0.0, 0.0, 0.0, 0.0, 0.0, 0.0, 0.0, 0.0, 0.0, 0.0, 0.0, 0.0, 0.0, 0.0, 0.0, 0.0, 0.0, 0.0, 0.0, 0.0, 0.0, 0.0, 0.0, 0.0, 0.0, 0.0, 0.0, 0.0], [0.0, 0.0, 0.0, 0.0, 0.0, 0.0, 0.0, 0.0, 0.0, 0.0, 0.0, 0.0, 0.0, 0.0, 0.0, 0.0, 0.0, 0.0, 0.0, 0.0, 0.0, 0.0, 0.0, 0.0, 0.0, 0.0, 0.0, 0.0, 0.0, 0.0, 10.980191905075745, 17.3891945934976, 15.839850626530193, 15.222302755132436, 23.732418068703, 20.365792840618923, 9.787017155261763, 18.054205531100077, 10.71177296712738, 20.993863403227632, 10.71205675179165, 18.657959700279207, 9.318818745946146, 24.651402679888463, 18.657959700279207, 10.980191905075745, 9.787017155261763, 17.3891945934976, 15.839850626530193, 18.054205531100077, 0.0, 0.0, 0.0, 0.0, 0.0, 0.0, 0.0, 0.0, 0.0, 0.0, 0.0, 0.0, 0.0, 0.0, 0.0, 0.0, 0.0, 0.0, 0.0, 0.0, 0.0, 0.0, 0.0, 0.0, 0.0, 0.0, 0.0, 0.0, 0.0, 0.0], [0.0, 0.0, 0.0, 0.0, 0.0, 0.0, 0.0, 0.0, 0.0, 0.0, 0.0, 0.0, 0.0, 0.0, 0.0, 0.0, 0.0, 0.0, 0.0, 0.0, 0.0, 0.0, 0.0, 0.0, 0.0, 0.0, 0.0, 0.0, 0.0, 0.0, 10.980191905075745, 17.3891945934976, 15.839850626530193, 15.222302755132436, 23.732418068703, 20.365792840618923, 9.787017155261763, 18.054205531100077, 10.71177296712738, 20.993863403227632, 10.71205675179165, 18.657959700279207, 9.318818745946146, 24.651402679888463, 18.657959700279207, 10.980191905075745, 9.787017155261763, 17.3891945934976, 15.839850626530193, 18.054205531100077, 0.0, 0.0, 0.0, 0.0, 0.0, 0.0, 0.0, 0.0, 0.0, 0.0, 0.0, 0.0, 0.0, 0.0, 0.0, 0.0, 0.0, 0.0, 0.0, 0.0, 0.0, 0.0, 0.0, 0.0, 0.0, 0.0, 0.0, 0.0, 0.0, 0.0], [0.0, 0.0, 0.0, 0.0, 0.0, 0.0, 0.0, 0.0, 0.0, 0.0, 0.0, 0.0, 0.0, 0.0, 0.0, 0.0, 0.0, 0.0, 0.0, 0.0, 0.0, 0.0, 0.0, 0.0, 0.0, 0.0, 0.0, 0.0, 0.0, 0.0, 10.980191905075745, 17.3891945934976, 15.839850626530193, 15.222302755132436, 23.732418068703, 20.365792840618923, 9.787017155261763, 18.054205531100077, 10.71177296712738, 20.993863403227632, 10.71205675179165, 18.657959700279207, 9.318818745946146, 24.651402679888463, 18.657959700279207, 10.980191905075745, 9.787017155261763, 17.3891945934976, 15.839850626530193, 18.054205531100077, 0.0, 0.0, 0.0, 0.0, 0.0, 0.0, 0.0, 0.0, 0.0, 0.0, 0.0, 0.0, 0.0, 0.0, 0.0, 0.0, 0.0, 0.0, 0.0, 0.0, 0.0, 0.0, 0.0, 0.0, 0.0, 0.0, 0.0, 0.0, 0.0, 0.0], [0.0, 0.0, 0.0, 0.0, 0.0, 0.0, 0.0, 0.0, 0.0, 0.0, 0.0, 0.0, 0.0, 0.0, 0.0, 0.0, 0.0, 0.0, 0.0, 0.0, 0.0, 0.0, 0.0, 0.0, 0.0, 0.0, 0.0, 0.0, 0.0, 0.0, 10.980191905075745, 17.3891945934976, 15.839850626530193, 15.222302755132436, 23.732418068703, 20.365792840618923, 9.787017155261763, 18.054205531100077, 10.71177296712738, 20.993863403227632, 10.71205675179165, 18.657959700279207, 9.318818745946146, 24.651402679888463, 18.657959700279207, 10.980191905075745, 9.787017155261763, 17.3891945934976, 15.839850626530193, 18.054205531100077, 0.0, 0.0, 0.0, 0.0, 0.0, 0.0, 0.0, 0.0, 0.0, 0.0, 0.0, 0.0, 0.0, 0.0, 0.0, 0.0, 0.0, 0.0, 0.0, 0.0, 0.0, 0.0, 0.0, 0.0, 0.0, 0.0, 0.0, 0.0, 0.0, 0.0], [0.0, 0.0, 0.0, 0.0, 0.0, 0.0, 0.0, 0.0, 0.0, 0.0, 0.0, 0.0, 0.0, 0.0, 0.0, 0.0, 0.0, 0.0, 0.0, 0.0, 0.0, 0.0, 0.0, 0.0, 0.0, 0.0, 0.0, 0.0, 0.0, 0.0, 10.980191905075745, 17.3891945934976, 15.839850626530193, 15.222302755132436, 23.732418068703, 20.365792840618923, 9.787017155261763, 18.054205531100077, 10.71177296712738, 20.993863403227632, 10.71205675179165, 18.657959700279207, 9.318818745946146, 24.651402679888463, 18.657959700279207, 10.980191905075745, 9.787017155261763, 17.3891945934976, 15.839850626530193, 18.054205531100077, 0.0, 0.0, 0.0, 0.0, 0.0, 0.0, 0.0, 0.0, 0.0, 0.0, 0.0, 0.0, 0.0, 0.0, 0.0, 0.0, 0.0, 0.0, 0.0, 0.0, 0.0, 0.0, 0.0, 0.0, 0.0, 0.0, 0.0, 0.0, 0.0, 0.0], [0.0, 0.0, 0.0, 0.0, 0.0, 0.0, 0.0, 0.0, 0.0, 0.0, 0.0, 0.0, 0.0, 0.0, 0.0, 0.0, 0.0, 0.0, 0.0, 0.0, 0.0, 0.0, 0.0, 0.0, 0.0, 0.0, 0.0, 0.0, 0.0, 0.0, 10.980191905075745, 17.3891945934976, 15.839850626530193, 15.222302755132436, 23.732418068703, 20.365792840618923, 9.787017155261763, 18.054205531100077, 10.71177296712738, 20.993863403227632, 10.71205675179165, 18.657959700279207, 9.318818745946146, 24.651402679888463, 18.657959700279207, 10.980191905075745, 9.787017155261763, 17.3891945934976, 15.839850626530193, 18.054205531100077, 0.0, 0.0, 0.0, 0.0, 0.0, 0.0, 0.0, 0.0, 0.0, 0.0, 0.0, 0.0, 0.0, 0.0, 0.0, 0.0, 0.0, 0.0, 0.0, 0.0, 0.0, 0.0, 0.0, 0.0, 0.0, 0.0, 0.0, 0.0, 0.0, 0.0], [0.0, 0.0, 0.0, 0.0, 0.0, 0.0, 0.0, 0.0, 0.0, 0.0, 0.0, 0.0, 0.0, 0.0, 0.0, 0.0, 0.0, 0.0, 0.0, 0.0, 0.0, 0.0, 0.0, 0.0, 0.0, 0.0, 0.0, 0.0, 0.0, 0.0, 10.980191905075745, 17.3891945934976, 15.839850626530193, 15.222302755132436, 23.732418068703, 20.365792840618923, 9.787017155261763, 18.054205531100077, 10.71177296712738, 20.993863403227632, 10.71205675179165, 18.657959700279207, 9.318818745946146, 24.651402679888463, 18.657959700279207, 10.980191905075745, 9.787017155261763, 17.3891945934976, 15.839850626530193, 18.054205531100077, 0.0, 0.0, 0.0, 0.0, 0.0, 0.0, 0.0, 0.0, 0.0, 0.0, 0.0, 0.0, 0.0, 0.0, 0.0, 0.0, 0.0, 0.0, 0.0, 0.0, 0.0, 0.0, 0.0, 0.0, 0.0, 0.0, 0.0, 0.0, 0.0, 0.0], [0.0, 0.0, 0.0, 0.0, 0.0, 0.0, 0.0, 0.0, 0.0, 0.0, 0.0, 0.0, 0.0, 0.0, 0.0, 0.0, 0.0, 0.0, 0.0, 0.0, 0.0, 0.0, 0.0, 0.0, 0.0, 0.0, 0.0, 0.0, 0.0, 0.0, 10.980191905075745, 17.3891945934976, 15.839850626530193, 15.222302755132436, 23.732418068703, 20.365792840618923, 9.787017155261763, 18.054205531100077, 10.71177296712738, 20.993863403227632, 10.71205675179165, 18.657959700279207, 9.318818745946146, 24.651402679888463, 18.657959700279207, 10.980191905075745, 9.787017155261763, 17.3891945934976, 15.839850626530193, 18.054205531100077, 0.0, 0.0, 0.0, 0.0, 0.0, 0.0, 0.0, 0.0, 0.0, 0.0, 0.0, 0.0, 0.0, 0.0, 0.0, 0.0, 0.0, 0.0, 0.0, 0.0, 0.0, 0.0, 0.0, 0.0, 0.0, 0.0, 0.0, 0.0, 0.0, 0.0], [0.0, 0.0, 0.0, 0.0, 0.0, 0.0, 0.0, 0.0, 0.0, 0.0, 0.0, 0.0, 0.0, 0.0, 0.0, 0.0, 0.0, 0.0, 0.0, 0.0, 0.0, 0.0, 0.0, 0.0, 0.0, 0.0, 0.0, 0.0, 0.0, 0.0, 10.980191905075745, 17.3891945934976, 15.839850626530193, 15.222302755132436, 23.732418068703, 20.365792840618923, 9.787017155261763, 18.054205531100077, 10.71177296712738, 20.993863403227632, 10.71205675179165, 18.657959700279207, 9.318818745946146, 24.651402679888463, 18.657959700279207, 10.980191905075745, 9.787017155261763, 17.3891945934976, 15.839850626530193, 18.054205531100077, 0.0, 0.0, 0.0, 0.0, 0.0, 0.0, 0.0, 0.0, 0.0, 0.0, 0.0, 0.0, 0.0, 0.0, 0.0, 0.0, 0.0, 0.0, 0.0, 0.0, 0.0, 0.0, 0.0, 0.0, 0.0, 0.0, 0.0, 0.0, 0.0, 0.0], [0.0, 0.0, 0.0, 0.0, 0.0, 0.0, 0.0, 0.0, 0.0, 0.0, 0.0, 0.0, 0.0, 0.0, 0.0, 0.0, 0.0, 0.0, 0.0, 0.0, 0.0, 0.0, 0.0, 0.0, 0.0, 0.0, 0.0, 0.0, 0.0, 0.0, 10.980191905075745, 17.3891945934976, 15.839850626530193, 15.222302755132436, 23.732418068703, 20.365792840618923, 9.787017155261763, 18.054205531100077, 10.71177296712738, 20.993863403227632, 10.71205675179165, 18.657959700279207, 9.318818745946146, 24.651402679888463, 18.657959700279207, 10.980191905075745, 9.787017155261763, 17.3891945934976, 15.839850626530193, 18.054205531100077, 0.0, 0.0, 0.0, 0.0, 0.0, 0.0, 0.0, 0.0, 0.0, 0.0, 0.0, 0.0, 0.0, 0.0, 0.0, 0.0, 0.0, 0.0, 0.0, 0.0, 0.0, 0.0, 0.0, 0.0, 0.0, 0.0, 0.0, 0.0, 0.0, 0.0], [0.0, 0.0, 0.0, 0.0, 0.0, 0.0, 0.0, 0.0, 0.0, 0.0, 0.0, 0.0, 0.0, 0.0, 0.0, 0.0, 0.0, 0.0, 0.0, 0.0, 0.0, 0.0, 0.0, 0.0, 0.0, 0.0, 0.0, 0.0, 0.0, 0.0, 10.980191905075745, 17.3891945934976, 15.839850626530193, 15.222302755132436, 23.732418068703, 20.365792840618923, 9.787017155261763, 18.054205531100077, 10.71177296712738, 20.993863403227632, 10.71205675179165, 18.657959700279207, 9.318818745946146, 24.651402679888463, 18.657959700279207, 10.980191905075745, 9.787017155261763, 17.3891945934976, 15.839850626530193, 18.054205531100077, 0.0, 0.0, 0.0, 0.0, 0.0, 0.0, 0.0, 0.0, 0.0, 0.0, 0.0, 0.0, 0.0, 0.0, 0.0, 0.0, 0.0, 0.0, 0.0, 0.0, 0.0, 0.0, 0.0, 0.0, 0.0, 0.0, 0.0, 0.0, 0.0, 0.0], [0.0, 0.0, 0.0, 0.0, 0.0, 0.0, 0.0, 0.0, 0.0, 0.0, 0.0, 0.0, 0.0, 0.0, 0.0, 0.0, 0.0, 0.0, 0.0, 0.0, 0.0, 0.0, 0.0, 0.0, 0.0, 0.0, 0.0, 0.0, 0.0, 0.0, 10.980191905075745, 17.3891945934976, 15.839850626530193, 15.222302755132436, 23.732418068703, 20.365792840618923, 9.787017155261763, 18.054205531100077, 10.71177296712738, 20.993863403227632, 10.71205675179165, 18.657959700279207, 9.318818745946146, 24.651402679888463, 18.657959700279207, 10.980191905075745, 9.787017155261763, 17.3891945934976, 15.839850626530193, 18.054205531100077, 0.0, 0.0, 0.0, 0.0, 0.0, 0.0, 0.0, 0.0, 0.0, 0.0, 0.0, 0.0, 0.0, 0.0, 0.0, 0.0, 0.0, 0.0, 0.0, 0.0, 0.0, 0.0, 0.0, 0.0, 0.0, 0.0, 0.0, 0.0, 0.0, 0.0], [0.0, 0.0, 0.0, 0.0, 0.0, 0.0, 0.0, 0.0, 0.0, 0.0, 0.0, 0.0, 0.0, 0.0, 0.0, 0.0, 0.0, 0.0, 0.0, 0.0, 0.0, 0.0, 0.0, 0.0, 0.0, 0.0, 0.0, 0.0, 0.0, 0.0, 10.980191905075745, 17.3891945934976, 15.839850626530193, 15.222302755132436, 23.732418068703, 20.365792840618923, 9.787017155261763, 18.054205531100077, 10.71177296712738, 20.993863403227632, 10.71205675179165, 18.657959700279207, 9.318818745946146, 24.651402679888463, 18.657959700279207, 10.980191905075745, 9.787017155261763, 17.3891945934976, 15.839850626530193, 18.054205531100077, 0.0, 0.0, 0.0, 0.0, 0.0, 0.0, 0.0, 0.0, 0.0, 0.0, 0.0, 0.0, 0.0, 0.0, 0.0, 0.0, 0.0, 0.0, 0.0, 0.0, 0.0, 0.0, 0.0, 0.0, 0.0, 0.0, 0.0, 0.0, 0.0, 0.0], [0.0, 0.0, 0.0, 0.0, 0.0, 0.0, 0.0, 0.0, 0.0, 0.0, 0.0, 0.0, 0.0, 0.0, 0.0, 0.0, 0.0, 0.0, 0.0, 0.0, 0.0, 0.0, 0.0, 0.0, 0.0, 0.0, 0.0, 0.0, 0.0, 0.0, 10.980191905075745, 17.3891945934976, 15.839850626530193, 15.222302755132436, 23.732418068703, 20.365792840618923, 9.787017155261763, 18.054205531100077, 10.71177296712738, 20.993863403227632, 10.71205675179165, 18.657959700279207, 9.318818745946146, 24.651402679888463, 18.657959700279207, 10.980191905075745, 9.787017155261763, 17.3891945934976, 15.839850626530193, 18.054205531100077, 0.0, 0.0, 0.0, 0.0, 0.0, 0.0, 0.0, 0.0, 0.0, 0.0, 0.0, 0.0, 0.0, 0.0, 0.0, 0.0, 0.0, 0.0, 0.0, 0.0, 0.0, 0.0, 0.0, 0.0, 0.0, 0.0, 0.0, 0.0, 0.0, 0.0], [0.0, 0.0, 0.0, 0.0, 0.0, 0.0, 0.0, 0.0, 0.0, 0.0, 0.0, 0.0, 0.0, 0.0, 0.0, 0.0, 0.0, 0.0, 0.0, 0.0, 0.0, 0.0, 0.0, 0.0, 0.0, 0.0, 0.0, 0.0, 0.0, 0.0, 10.980191905075745, 17.3891945934976, 15.839850626530193, 15.222302755132436, 23.732418068703, 20.365792840618923, 9.787017155261763, 18.054205531100077, 10.71177296712738, 20.993863403227632, 10.71205675179165, 18.657959700279207, 9.318818745946146, 24.651402679888463, 18.657959700279207, 10.980191905075745, 9.787017155261763, 17.3891945934976, 15.839850626530193, 18.054205531100077, 0.0, 0.0, 0.0, 0.0, 0.0, 0.0, 0.0, 0.0, 0.0, 0.0, 0.0, 0.0, 0.0, 0.0, 0.0, 0.0, 0.0, 0.0, 0.0, 0.0, 0.0, 0.0, 0.0, 0.0, 0.0, 0.0, 0.0, 0.0, 0.0, 0.0], [0.0, 0.0, 0.0, 0.0, 0.0, 0.0, 0.0, 0.0, 0.0, 0.0, 0.0, 0.0, 0.0, 0.0, 0.0, 0.0, 0.0, 0.0, 0.0, 0.0, 0.0, 0.0, 0.0, 0.0, 0.0, 0.0, 0.0, 0.0, 0.0, 0.0, 10.980191905075745, 17.3891945934976, 15.839850626530193, 15.222302755132436, 23.732418068703, 20.365792840618923, 9.787017155261763, 18.054205531100077, 10.71177296712738, 20.993863403227632, 10.71205675179165, 18.657959700279207, 9.318818745946146, 24.651402679888463, 18.657959700279207, 10.980191905075745, 9.787017155261763, 17.3891945934976, 15.839850626530193, 18.054205531100077, 0.0, 0.0, 0.0, 0.0, 0.0, 0.0, 0.0, 0.0, 0.0, 0.0, 0.0, 0.0, 0.0, 0.0, 0.0, 0.0, 0.0, 0.0, 0.0, 0.0, 0.0, 0.0, 0.0, 0.0, 0.0, 0.0, 0.0, 0.0, 0.0, 0.0], [0.0, 0.0, 0.0, 0.0, 0.0, 0.0, 0.0, 0.0, 0.0, 0.0, 0.0, 0.0, 0.0, 0.0, 0.0, 0.0, 0.0, 0.0, 0.0, 0.0, 0.0, 0.0, 0.0, 0.0, 0.0, 0.0, 0.0, 0.0, 0.0, 0.0, 10.980191905075745, 17.3891945934976, 15.839850626530193, 15.222302755132436, 23.732418068703, 20.365792840618923, 9.787017155261763, 18.054205531100077, 10.71177296712738, 20.993863403227632, 10.71205675179165, 18.657959700279207, 9.318818745946146, 24.651402679888463, 18.657959700279207, 10.980191905075745, 9.787017155261763, 17.3891945934976, 15.839850626530193, 18.054205531100077, 0.0, 0.0, 0.0, 0.0, 0.0, 0.0, 0.0, 0.0, 0.0, 0.0, 0.0, 0.0, 0.0, 0.0, 0.0, 0.0, 0.0, 0.0, 0.0, 0.0, 0.0, 0.0, 0.0, 0.0, 0.0, 0.0, 0.0, 0.0, 0.0, 0.0], [0.0, 0.0, 0.0, 0.0, 0.0, 0.0, 0.0, 0.0, 0.0, 0.0, 0.0, 0.0, 0.0, 0.0, 0.0, 0.0, 0.0, 0.0, 0.0, 0.0, 0.0, 0.0, 0.0, 0.0, 0.0, 0.0, 0.0, 0.0, 0.0, 0.0, 10.980191905075745, 17.3891945934976, 15.839850626530193, 15.222302755132436, 23.732418068703, 20.365792840618923, 9.787017155261763, 18.054205531100077, 10.71177296712738, 20.993863403227632, 10.71205675179165, 18.657959700279207, 9.318818745946146, 24.651402679888463, 18.657959700279207, 10.980191905075745, 9.787017155261763, 17.3891945934976, 15.839850626530193, 18.054205531100077, 0.0, 0.0, 0.0, 0.0, 0.0, 0.0, 0.0, 0.0, 0.0, 0.0, 0.0, 0.0, 0.0, 0.0, 0.0, 0.0, 0.0, 0.0, 0.0, 0.0, 0.0, 0.0, 0.0, 0.0, 0.0, 0.0, 0.0, 0.0, 0.0, 0.0], [0.0, 0.0, 0.0, 0.0, 0.0, 0.0, 0.0, 0.0, 0.0, 0.0, 0.0, 0.0, 0.0, 0.0, 0.0, 0.0, 0.0, 0.0, 0.0, 0.0, 0.0, 0.0, 0.0, 0.0, 0.0, 0.0, 0.0, 0.0, 0.0, 0.0, 10.980191905075745, 17.3891945934976, 15.839850626530193, 15.222302755132436, 23.732418068703, 20.365792840618923, 9.787017155261763, 18.054205531100077, 10.71177296712738, 20.993863403227632, 10.71205675179165, 18.657959700279207, 9.318818745946146, 24.651402679888463, 18.657959700279207, 10.980191905075745, 9.787017155261763, 17.3891945934976, 15.839850626530193, 18.054205531100077, 0.0, 0.0, 0.0, 0.0, 0.0, 0.0, 0.0, 0.0, 0.0, 0.0, 0.0, 0.0, 0.0, 0.0, 0.0, 0.0, 0.0, 0.0, 0.0, 0.0, 0.0, 0.0, 0.0, 0.0, 0.0, 0.0, 0.0, 0.0, 0.0, 0.0], [0.0, 0.0, 0.0, 0.0, 0.0, 0.0, 0.0, 0.0, 0.0, 0.0, 0.0, 0.0, 0.0, 0.0, 0.0, 0.0, 0.0, 0.0, 0.0, 0.0, 0.0, 0.0, 0.0, 0.0, 0.0, 0.0, 0.0, 0.0, 0.0, 0.0, 10.980191905075745, 17.3891945934976, 15.839850626530193, 15.222302755132436, 23.732418068703, 20.365792840618923, 9.787017155261763, 18.054205531100077, 10.71177296712738, 20.993863403227632, 10.71205675179165, 18.657959700279207, 9.318818745946146, 24.651402679888463, 18.657959700279207, 10.980191905075745, 9.787017155261763, 17.3891945934976, 15.839850626530193, 18.054205531100077, 0.0, 0.0, 0.0, 0.0, 0.0, 0.0, 0.0, 0.0, 0.0, 0.0, 0.0, 0.0, 0.0, 0.0, 0.0, 0.0, 0.0, 0.0, 0.0, 0.0, 0.0, 0.0, 0.0, 0.0, 0.0, 0.0, 0.0, 0.0, 0.0, 0.0], [0.0, 0.0, 0.0, 0.0, 0.0, 0.0, 0.0, 0.0, 0.0, 0.0, 0.0, 0.0, 0.0, 0.0, 0.0, 0.0, 0.0, 0.0, 0.0, 0.0, 0.0, 0.0, 0.0, 0.0, 0.0, 0.0, 0.0, 0.0, 0.0, 0.0, 10.980191905075745, 17.3891945934976, 15.839850626530193, 15.222302755132436, 23.732418068703, 20.365792840618923, 9.787017155261763, 18.054205531100077, 10.71177296712738, 20.993863403227632, 10.71205675179165, 18.657959700279207, 9.318818745946146, 24.651402679888463, 18.657959700279207, 10.980191905075745, 9.787017155261763, 17.3891945934976, 15.839850626530193, 18.054205531100077, 0.0, 0.0, 0.0, 0.0, 0.0, 0.0, 0.0, 0.0, 0.0, 0.0, 0.0, 0.0, 0.0, 0.0, 0.0, 0.0, 0.0, 0.0, 0.0, 0.0, 0.0, 0.0, 0.0, 0.0, 0.0, 0.0, 0.0, 0.0, 0.0, 0.0], [0.0, 0.0, 0.0, 0.0, 0.0, 0.0, 0.0, 0.0, 0.0, 0.0, 0.0, 0.0, 0.0, 0.0, 0.0, 0.0, 0.0, 0.0, 0.0, 0.0, 0.0, 0.0, 0.0, 0.0, 0.0, 0.0, 0.0, 0.0, 0.0, 0.0, 10.980191905075745, 17.3891945934976, 15.839850626530193, 15.222302755132436, 23.732418068703, 20.365792840618923, 9.787017155261763, 18.054205531100077, 10.71177296712738, 20.993863403227632, 10.71205675179165, 18.657959700279207, 9.318818745946146, 24.651402679888463, 18.657959700279207, 10.980191905075745, 9.787017155261763, 17.3891945934976, 15.839850626530193, 18.054205531100077, 0.0, 0.0, 0.0, 0.0, 0.0, 0.0, 0.0, 0.0, 0.0, 0.0, 0.0, 0.0, 0.0, 0.0, 0.0, 0.0, 0.0, 0.0, 0.0, 0.0, 0.0, 0.0, 0.0, 0.0, 0.0, 0.0, 0.0, 0.0, 0.0, 0.0], [0.0, 0.0, 0.0, 0.0, 0.0, 0.0, 0.0, 0.0, 0.0, 0.0, 0.0, 0.0, 0.0, 0.0, 0.0, 0.0, 0.0, 0.0, 0.0, 0.0, 0.0, 0.0, 0.0, 0.0, 0.0, 0.0, 0.0, 0.0, 0.0, 0.0, 10.980191905075745, 17.3891945934976, 15.839850626530193, 15.222302755132436, 23.732418068703, 20.365792840618923, 9.787017155261763, 18.054205531100077, 10.71177296712738, 20.993863403227632, 10.71205675179165, 18.657959700279207, 9.318818745946146, 24.651402679888463, 18.657959700279207, 10.980191905075745, 9.787017155261763, 17.3891945934976, 15.839850626530193, 18.054205531100077, 0.0, 0.0, 0.0, 0.0, 0.0, 0.0, 0.0, 0.0, 0.0, 0.0, 0.0, 0.0, 0.0, 0.0, 0.0, 0.0, 0.0, 0.0, 0.0, 0.0, 0.0, 0.0, 0.0, 0.0, 0.0, 0.0, 0.0, 0.0, 0.0, 0.0], [0.0, 0.0, 0.0, 0.0, 0.0, 0.0, 0.0, 0.0, 0.0, 0.0, 0.0, 0.0, 0.0, 0.0, 0.0, 0.0, 0.0, 0.0, 0.0, 0.0, 0.0, 0.0, 0.0, 0.0, 0.0, 0.0, 0.0, 0.0, 0.0, 0.0, 10.980191905075745, 17.3891945934976, 15.839850626530193, 15.222302755132436, 23.732418068703, 20.365792840618923, 9.787017155261763, 18.054205531100077, 10.71177296712738, 20.993863403227632, 10.71205675179165, 18.657959700279207, 9.318818745946146, 24.651402679888463, 18.657959700279207, 10.980191905075745, 9.787017155261763, 17.3891945934976, 15.839850626530193, 18.054205531100077, 0.0, 0.0, 0.0, 0.0, 0.0, 0.0, 0.0, 0.0, 0.0, 0.0, 0.0, 0.0, 0.0, 0.0, 0.0, 0.0, 0.0, 0.0, 0.0, 0.0, 0.0, 0.0, 0.0, 0.0, 0.0, 0.0, 0.0, 0.0, 0.0, 0.0], [0.0, 0.0, 0.0, 0.0, 0.0, 0.0, 0.0, 0.0, 0.0, 0.0, 0.0, 0.0, 0.0, 0.0, 0.0, 0.0, 0.0, 0.0, 0.0, 0.0, 0.0, 0.0, 0.0, 0.0, 0.0, 0.0, 0.0, 0.0, 0.0, 0.0, 10.980191905075745, 17.3891945934976, 15.839850626530193, 15.222302755132436, 23.732418068703, 20.365792840618923, 9.787017155261763, 18.054205531100077, 10.71177296712738, 20.993863403227632, 10.71205675179165, 18.657959700279207, 9.318818745946146, 24.651402679888463, 18.657959700279207, 10.980191905075745, 9.787017155261763, 17.3891945934976, 15.839850626530193, 18.054205531100077, 0.0, 0.0, 0.0, 0.0, 0.0, 0.0, 0.0, 0.0, 0.0, 0.0, 0.0, 0.0, 0.0, 0.0, 0.0, 0.0, 0.0, 0.0, 0.0, 0.0, 0.0, 0.0, 0.0, 0.0, 0.0, 0.0, 0.0, 0.0, 0.0, 0.0], [0.0, 0.0, 0.0, 0.0, 0.0, 0.0, 0.0, 0.0, 0.0, 0.0, 0.0, 0.0, 0.0, 0.0, 0.0, 0.0, 0.0, 0.0, 0.0, 0.0, 0.0, 0.0, 0.0, 0.0, 0.0, 0.0, 0.0, 0.0, 0.0, 0.0, 10.980191905075745, 17.3891945934976, 15.839850626530193, 15.222302755132436, 23.732418068703, 20.365792840618923, 9.787017155261763, 18.054205531100077, 10.71177296712738, 20.993863403227632, 10.71205675179165, 18.657959700279207, 9.318818745946146, 24.651402679888463, 18.657959700279207, 10.980191905075745, 9.787017155261763, 17.3891945934976, 15.839850626530193, 18.054205531100077, 0.0, 0.0, 0.0, 0.0, 0.0, 0.0, 0.0, 0.0, 0.0, 0.0, 0.0, 0.0, 0.0, 0.0, 0.0, 0.0, 0.0, 0.0, 0.0, 0.0, 0.0, 0.0, 0.0, 0.0, 0.0, 0.0, 0.0, 0.0, 0.0, 0.0], [0.0, 0.0, 0.0, 0.0, 0.0, 0.0, 0.0, 0.0, 0.0, 0.0, 0.0, 0.0, 0.0, 0.0, 0.0, 0.0, 0.0, 0.0, 0.0, 0.0, 0.0, 0.0, 0.0, 0.0, 0.0, 0.0, 0.0, 0.0, 0.0, 0.0, 10.980191905075745, 17.3891945934976, 15.839850626530193, 15.222302755132436, 23.732418068703, 20.365792840618923, 9.787017155261763, 18.054205531100077, 10.71177296712738, 20.993863403227632, 10.71205675179165, 18.657959700279207, 9.318818745946146, 24.651402679888463, 18.657959700279207, 10.980191905075745, 9.787017155261763, 17.3891945934976, 15.839850626530193, 18.054205531100077, 0.0, 0.0, 0.0, 0.0, 0.0, 0.0, 0.0, 0.0, 0.0, 0.0, 0.0, 0.0, 0.0, 0.0, 0.0, 0.0, 0.0, 0.0, 0.0, 0.0, 0.0, 0.0, 0.0, 0.0, 0.0, 0.0, 0.0, 0.0, 0.0, 0.0]];
