M = 99999999.0;
numWorkers = 30;
numRoles = 5;
numNodes = 80;
wStart = [0, 0, 0, 0, 0, 0, 0, 0, 0, 0, 0, 0, 0, 0, 0, 0, 0, 0, 0, 0, 0, 0, 0, 0, 0, 0, 0, 0, 0, 0, 90, 30, 150, 60, 30, 60, 210, 30, 120, 90, 90, 90, 90, 120, 90, 210, 150, 300, 360, 360, 480, 480, 480, 480, 480, 480, 480, 480, 480, 480, 480, 480, 480, 480, 480, 480, 480, 480, 480, 480, 480, 480, 480, 480, 480, 480, 480, 480, 480, 480];
wEnd = [0, 0, 0, 0, 0, 0, 0, 0, 0, 0, 0, 0, 0, 0, 0, 0, 0, 0, 0, 0, 0, 0, 0, 0, 0, 0, 0, 0, 0, 0, 420, 150, 420, 240, 90, 360, 420, 390, 330, 150, 180, 420, 450, 360, 180, 390, 420, 420, 390, 450, 480, 480, 480, 480, 480, 480, 480, 480, 480, 480, 480, 480, 480, 480, 480, 480, 480, 480, 480, 480, 480, 480, 480, 480, 480, 480, 480, 480, 480, 480];
p = [0, 0, 0, 0, 0, 0, 0, 0, 0, 0, 0, 0, 0, 0, 0, 0, 0, 0, 0, 0, 0, 0, 0, 0, 0, 0, 0, 0, 0, 0, 74.00991123334853, 44.470181133759326, 17.644830488284903, 67.65429337688518, 46.916355363291395, 72.21624552345168, 43.75280798381596, 52.296284772384766, 35.267907818212116, 48.82849598482434, 39.53359240323713, 44.1487884680065, 46.28785347303564, 54.84817808420464, 31.06773157192383, 59.96881674872457, 15.067279832317597, 23.75699083017919, 62.71585487130292, 66.32620580684684, 0, 0, 0, 0, 0, 0, 0, 0, 0, 0, 0, 0, 0, 0, 0, 0, 0, 0, 0, 0, 0, 0, 0, 0, 0, 0, 0, 0, 0, 0];
e = [[0, 0, 1, 0, 1], [1, 1, 0, 0, 0], [1, 0, 0, 1, 0], [1, 1, 0, 0, 0], [1, 0, 0, 0, 1], [1, 0, 1, 0, 0], [0, 0, 0, 0, 1], [1, 0, 0, 0, 0], [0, 0, 0, 1, 0], [0, 0, 0, 1, 0], [0, 0, 0, 1, 0], [0, 1, 0, 0, 0], [0, 0, 0, 0, 1], [0, 1, 0, 0, 0], [0, 0, 0, 1, 0], [1, 0, 0, 0, 0], [0, 0, 0, 0, 1], [0, 0, 0, 0, 1], [1, 0, 0, 0, 0], [0, 0, 1, 0, 0], [0, 0, 1, 0, 0], [0, 1, 0, 0, 0], [0, 1, 0, 0, 0], [0, 1, 0, 0, 0], [1, 0, 0, 0, 0], [0, 1, 0, 0, 0], [0, 1, 0, 0, 0], [0, 0, 1, 0, 0], [0, 0, 0, 1, 0], [0, 0, 1, 0, 0]];
d = [[1, 1, 1, 4, 1, 4, 1, 1, 2, 4, 1, 1, 1, 2, 2, 2, 4, 2, 1, 2], [0, 1, 1, 0, 1, 0, 1, 0, 0, 0, 1, 1, 1, 0, 0, 0, 0, 0, 1, 0], [1, 1, 1, 0, 1, 0, 1, 1, 0, 0, 1, 1, 1, 0, 0, 0, 0, 0, 1, 0], [1, 1, 1, 1, 1, 1, 1, 1, 0, 1, 1, 1, 1, 0, 0, 0, 1, 0, 1, 0], [1, 1, 0, 0, 0, 0, 1, 1, 2, 0, 0, 0, 1, 2, 2, 2, 0, 2, 1, 2]];
r = [3799, 3769, 1000, 1112, 3895, 2868, 4956, 1821, 1416, 1437, 518, 3520, 4569, 2038, 3135, 326, 1169, 4189, 3113, 891];
g = [[0, 0, 0, 0, 0, 0, 0, 0, 0, 0, 0, 0, 0, 0, 0, 0, 0, 0, 0, 0], [0, 0, 0, 0, 0, 0, 0, 0, 0, 0, 0, 0, 0, 0, 0, 0, 0, 0, 0, 0], [0, 0, 0, 0, 0, 0, 0, 0, 0, 0, 0, 0, 0, 0, 0, 0, 0, 0, 0, 0], [0, 0, 0, 0, 0, 0, 0, 0, 0, 0, 0, 0, 0, 0, 0, 0, 0, 0, 0, 0], [0, 0, 0, 0, 0, 0, 0, 0, 0, 0, 0, 0, 0, 0, 0, 0, 0, 0, 0, 0], [0, 0, 0, 0, 0, 0, 0, 0, 0, 0, 0, 0, 0, 0, 0, 0, 0, 0, 0, 0], [0, 0, 0, 0, 0, 0, 0, 0, 0, 0, 0, 0, 0, 0, 0, 0, 0, 0, 0, 0], [0, 0, 0, 0, 0, 0, 0, 0, 0, 0, 0, 0, 0, 0, 0, 0, 0, 0, 0, 0], [0, 0, 0, 0, 0, 0, 0, 0, 0, 0, 0, 0, 0, 0, 0, 0, 0, 0, 0, 0], [0, 0, 0, 0, 0, 0, 0, 0, 0, 0, 0, 0, 0, 0, 0, 0, 0, 0, 0, 0], [0, 0, 0, 0, 0, 0, 0, 0, 0, 0, 0, 0, 0, 0, 0, 0, 0, 0, 0, 0], [0, 0, 0, 0, 0, 0, 0, 0, 0, 0, 0, 0, 0, 0, 0, 0, 0, 0, 0, 0], [0, 0, 0, 0, 0, 0, 0, 0, 0, 0, 0, 0, 0, 0, 0, 0, 0, 0, 0, 0], [0, 0, 0, 0, 0, 0, 0, 0, 0, 0, 0, 0, 0, 0, 0, 0, 0, 0, 0, 0], [0, 0, 0, 0, 0, 0, 0, 0, 0, 0, 0, 0, 0, 0, 0, 0, 0, 0, 0, 0], [0, 0, 0, 0, 0, 0, 0, 0, 0, 0, 0, 0, 0, 0, 0, 0, 0, 0, 0, 0], [0, 0, 0, 0, 0, 0, 0, 0, 0, 0, 0, 0, 0, 0, 0, 0, 0, 0, 0, 0], [0, 0, 0, 0, 0, 0, 0, 0, 0, 0, 0, 0, 0, 0, 0, 0, 0, 0, 0, 0], [0, 0, 0, 0, 0, 0, 0, 0, 0, 0, 0, 0, 0, 0, 0, 0, 0, 0, 0, 0], [0, 0, 0, 0, 0, 0, 0, 0, 0, 0, 0, 0, 0, 0, 0, 0, 0, 0, 0, 0]];
t = [[0.0, 0.0, 0.0, 0.0, 0.0, 0.0, 0.0, 0.0, 0.0, 0.0, 0.0, 0.0, 0.0, 0.0, 0.0, 0.0, 0.0, 0.0, 0.0, 0.0, 0.0, 0.0, 0.0, 0.0, 0.0, 0.0, 0.0, 0.0, 0.0, 0.0, 35.98403734224701, 24.42809807344937, 54.74718317078545, 42.309484286010566, 7.6402954577923765, 43.19632918905767, 35.25582670029435, 50.9374879238817, 22.648682001021562, 19.51034117888414, 60.0, 28.507031060250554, 47.280164124171876, 45.82333964285082, 13.459577248967083, 41.296458451373056, 48.02978593731764, 53.693534980765385, 49.65238935890719, 12.661491065857925, 0.0, 0.0, 0.0, 0.0, 0.0, 0.0, 0.0, 0.0, 0.0, 0.0, 0.0, 0.0, 0.0, 0.0, 0.0, 0.0, 0.0, 0.0, 0.0, 0.0, 0.0, 0.0, 0.0, 0.0, 0.0, 0.0, 0.0, 0.0, 0.0, 0.0], [0.0, 0.0, 0.0, 0.0, 0.0, 0.0, 0.0, 0.0, 0.0, 0.0, 0.0, 0.0, 0.0, 0.0, 0.0, 0.0, 0.0, 0.0, 0.0, 0.0, 0.0, 0.0, 0.0, 0.0, 0.0, 0.0, 0.0, 0.0, 0.0, 0.0, 35.98403734224701, 24.42809807344937, 54.74718317078545, 42.309484286010566, 7.6402954577923765, 43.19632918905767, 35.25582670029435, 50.9374879238817, 22.648682001021562, 19.51034117888414, 60.0, 28.507031060250554, 47.280164124171876, 45.82333964285082, 13.459577248967083, 41.296458451373056, 48.02978593731764, 53.693534980765385, 49.65238935890719, 12.661491065857925, 0.0, 0.0, 0.0, 0.0, 0.0, 0.0, 0.0, 0.0, 0.0, 0.0, 0.0, 0.0, 0.0, 0.0, 0.0, 0.0, 0.0, 0.0, 0.0, 0.0, 0.0, 0.0, 0.0, 0.0, 0.0, 0.0, 0.0, 0.0, 0.0, 0.0], [0.0, 0.0, 0.0, 0.0, 0.0, 0.0, 0.0, 0.0, 0.0, 0.0, 0.0, 0.0, 0.0, 0.0, 0.0, 0.0, 0.0, 0.0, 0.0, 0.0, 0.0, 0.0, 0.0, 0.0, 0.0, 0.0, 0.0, 0.0, 0.0, 0.0, 35.98403734224701, 24.42809807344937, 54.74718317078545, 42.309484286010566, 7.6402954577923765, 43.19632918905767, 35.25582670029435, 50.9374879238817, 22.648682001021562, 19.51034117888414, 60.0, 28.507031060250554, 47.280164124171876, 45.82333964285082, 13.459577248967083, 41.296458451373056, 48.02978593731764, 53.693534980765385, 49.65238935890719, 12.661491065857925, 0.0, 0.0, 0.0, 0.0, 0.0, 0.0, 0.0, 0.0, 0.0, 0.0, 0.0, 0.0, 0.0, 0.0, 0.0, 0.0, 0.0, 0.0, 0.0, 0.0, 0.0, 0.0, 0.0, 0.0, 0.0, 0.0, 0.0, 0.0, 0.0, 0.0], [0.0, 0.0, 0.0, 0.0, 0.0, 0.0, 0.0, 0.0, 0.0, 0.0, 0.0, 0.0, 0.0, 0.0, 0.0, 0.0, 0.0, 0.0, 0.0, 0.0, 0.0, 0.0, 0.0, 0.0, 0.0, 0.0, 0.0, 0.0, 0.0, 0.0, 35.98403734224701, 24.42809807344937, 54.74718317078545, 42.309484286010566, 7.6402954577923765, 43.19632918905767, 35.25582670029435, 50.9374879238817, 22.648682001021562, 19.51034117888414, 60.0, 28.507031060250554, 47.280164124171876, 45.82333964285082, 13.459577248967083, 41.296458451373056, 48.02978593731764, 53.693534980765385, 49.65238935890719, 12.661491065857925, 0.0, 0.0, 0.0, 0.0, 0.0, 0.0, 0.0, 0.0, 0.0, 0.0, 0.0, 0.0, 0.0, 0.0, 0.0, 0.0, 0.0, 0.0, 0.0, 0.0, 0.0, 0.0, 0.0, 0.0, 0.0, 0.0, 0.0, 0.0, 0.0, 0.0], [0.0, 0.0, 0.0, 0.0, 0.0, 0.0, 0.0, 0.0, 0.0, 0.0, 0.0, 0.0, 0.0, 0.0, 0.0, 0.0, 0.0, 0.0, 0.0, 0.0, 0.0, 0.0, 0.0, 0.0, 0.0, 0.0, 0.0, 0.0, 0.0, 0.0, 35.98403734224701, 24.42809807344937, 54.74718317078545, 42.309484286010566, 7.6402954577923765, 43.19632918905767, 35.25582670029435, 50.9374879238817, 22.648682001021562, 19.51034117888414, 60.0, 28.507031060250554, 47.280164124171876, 45.82333964285082, 13.459577248967083, 41.296458451373056, 48.02978593731764, 53.693534980765385, 49.65238935890719, 12.661491065857925, 0.0, 0.0, 0.0, 0.0, 0.0, 0.0, 0.0, 0.0, 0.0, 0.0, 0.0, 0.0, 0.0, 0.0, 0.0, 0.0, 0.0, 0.0, 0.0, 0.0, 0.0, 0.0, 0.0, 0.0, 0.0, 0.0, 0.0, 0.0, 0.0, 0.0], [0.0, 0.0, 0.0, 0.0, 0.0, 0.0, 0.0, 0.0, 0.0, 0.0, 0.0, 0.0, 0.0, 0.0, 0.0, 0.0, 0.0, 0.0, 0.0, 0.0, 0.0, 0.0, 0.0, 0.0, 0.0, 0.0, 0.0, 0.0, 0.0, 0.0, 35.98403734224701, 24.42809807344937, 54.74718317078545, 42.309484286010566, 7.6402954577923765, 43.19632918905767, 35.25582670029435, 50.9374879238817, 22.648682001021562, 19.51034117888414, 60.0, 28.507031060250554, 47.280164124171876, 45.82333964285082, 13.459577248967083, 41.296458451373056, 48.02978593731764, 53.693534980765385, 49.65238935890719, 12.661491065857925, 0.0, 0.0, 0.0, 0.0, 0.0, 0.0, 0.0, 0.0, 0.0, 0.0, 0.0, 0.0, 0.0, 0.0, 0.0, 0.0, 0.0, 0.0, 0.0, 0.0, 0.0, 0.0, 0.0, 0.0, 0.0, 0.0, 0.0, 0.0, 0.0, 0.0], [0.0, 0.0, 0.0, 0.0, 0.0, 0.0, 0.0, 0.0, 0.0, 0.0, 0.0, 0.0, 0.0, 0.0, 0.0, 0.0, 0.0, 0.0, 0.0, 0.0, 0.0, 0.0, 0.0, 0.0, 0.0, 0.0, 0.0, 0.0, 0.0, 0.0, 35.98403734224701, 24.42809807344937, 54.74718317078545, 42.309484286010566, 7.6402954577923765, 43.19632918905767, 35.25582670029435, 50.9374879238817, 22.648682001021562, 19.51034117888414, 60.0, 28.507031060250554, 47.280164124171876, 45.82333964285082, 13.459577248967083, 41.296458451373056, 48.02978593731764, 53.693534980765385, 49.65238935890719, 12.661491065857925, 0.0, 0.0, 0.0, 0.0, 0.0, 0.0, 0.0, 0.0, 0.0, 0.0, 0.0, 0.0, 0.0, 0.0, 0.0, 0.0, 0.0, 0.0, 0.0, 0.0, 0.0, 0.0, 0.0, 0.0, 0.0, 0.0, 0.0, 0.0, 0.0, 0.0], [0.0, 0.0, 0.0, 0.0, 0.0, 0.0, 0.0, 0.0, 0.0, 0.0, 0.0, 0.0, 0.0, 0.0, 0.0, 0.0, 0.0, 0.0, 0.0, 0.0, 0.0, 0.0, 0.0, 0.0, 0.0, 0.0, 0.0, 0.0, 0.0, 0.0, 35.98403734224701, 24.42809807344937, 54.74718317078545, 42.309484286010566, 7.6402954577923765, 43.19632918905767, 35.25582670029435, 50.9374879238817, 22.648682001021562, 19.51034117888414, 60.0, 28.507031060250554, 47.280164124171876, 45.82333964285082, 13.459577248967083, 41.296458451373056, 48.02978593731764, 53.693534980765385, 49.65238935890719, 12.661491065857925, 0.0, 0.0, 0.0, 0.0, 0.0, 0.0, 0.0, 0.0, 0.0, 0.0, 0.0, 0.0, 0.0, 0.0, 0.0, 0.0, 0.0, 0.0, 0.0, 0.0, 0.0, 0.0, 0.0, 0.0, 0.0, 0.0, 0.0, 0.0, 0.0, 0.0], [0.0, 0.0, 0.0, 0.0, 0.0, 0.0, 0.0, 0.0, 0.0, 0.0, 0.0, 0.0, 0.0, 0.0, 0.0, 0.0, 0.0, 0.0, 0.0, 0.0, 0.0, 0.0, 0.0, 0.0, 0.0, 0.0, 0.0, 0.0, 0.0, 0.0, 35.98403734224701, 24.42809807344937, 54.74718317078545, 42.309484286010566, 7.6402954577923765, 43.19632918905767, 35.25582670029435, 50.9374879238817, 22.648682001021562, 19.51034117888414, 60.0, 28.507031060250554, 47.280164124171876, 45.82333964285082, 13.459577248967083, 41.296458451373056, 48.02978593731764, 53.693534980765385, 49.65238935890719, 12.661491065857925, 0.0, 0.0, 0.0, 0.0, 0.0, 0.0, 0.0, 0.0, 0.0, 0.0, 0.0, 0.0, 0.0, 0.0, 0.0, 0.0, 0.0, 0.0, 0.0, 0.0, 0.0, 0.0, 0.0, 0.0, 0.0, 0.0, 0.0, 0.0, 0.0, 0.0], [0.0, 0.0, 0.0, 0.0, 0.0, 0.0, 0.0, 0.0, 0.0, 0.0, 0.0, 0.0, 0.0, 0.0, 0.0, 0.0, 0.0, 0.0, 0.0, 0.0, 0.0, 0.0, 0.0, 0.0, 0.0, 0.0, 0.0, 0.0, 0.0, 0.0, 35.98403734224701, 24.42809807344937, 54.74718317078545, 42.309484286010566, 7.6402954577923765, 43.19632918905767, 35.25582670029435, 50.9374879238817, 22.648682001021562, 19.51034117888414, 60.0, 28.507031060250554, 47.280164124171876, 45.82333964285082, 13.459577248967083, 41.296458451373056, 48.02978593731764, 53.693534980765385, 49.65238935890719, 12.661491065857925, 0.0, 0.0, 0.0, 0.0, 0.0, 0.0, 0.0, 0.0, 0.0, 0.0, 0.0, 0.0, 0.0, 0.0, 0.0, 0.0, 0.0, 0.0, 0.0, 0.0, 0.0, 0.0, 0.0, 0.0, 0.0, 0.0, 0.0, 0.0, 0.0, 0.0], [0.0, 0.0, 0.0, 0.0, 0.0, 0.0, 0.0, 0.0, 0.0, 0.0, 0.0, 0.0, 0.0, 0.0, 0.0, 0.0, 0.0, 0.0, 0.0, 0.0, 0.0, 0.0, 0.0, 0.0, 0.0, 0.0, 0.0, 0.0, 0.0, 0.0, 35.98403734224701, 24.42809807344937, 54.74718317078545, 42.309484286010566, 7.6402954577923765, 43.19632918905767, 35.25582670029435, 50.9374879238817, 22.648682001021562, 19.51034117888414, 60.0, 28.507031060250554, 47.280164124171876, 45.82333964285082, 13.459577248967083, 41.296458451373056, 48.02978593731764, 53.693534980765385, 49.65238935890719, 12.661491065857925, 0.0, 0.0, 0.0, 0.0, 0.0, 0.0, 0.0, 0.0, 0.0, 0.0, 0.0, 0.0, 0.0, 0.0, 0.0, 0.0, 0.0, 0.0, 0.0, 0.0, 0.0, 0.0, 0.0, 0.0, 0.0, 0.0, 0.0, 0.0, 0.0, 0.0], [0.0, 0.0, 0.0, 0.0, 0.0, 0.0, 0.0, 0.0, 0.0, 0.0, 0.0, 0.0, 0.0, 0.0, 0.0, 0.0, 0.0, 0.0, 0.0, 0.0, 0.0, 0.0, 0.0, 0.0, 0.0, 0.0, 0.0, 0.0, 0.0, 0.0, 35.98403734224701, 24.42809807344937, 54.74718317078545, 42.309484286010566, 7.6402954577923765, 43.19632918905767, 35.25582670029435, 50.9374879238817, 22.648682001021562, 19.51034117888414, 60.0, 28.507031060250554, 47.280164124171876, 45.82333964285082, 13.459577248967083, 41.296458451373056, 48.02978593731764, 53.693534980765385, 49.65238935890719, 12.661491065857925, 0.0, 0.0, 0.0, 0.0, 0.0, 0.0, 0.0, 0.0, 0.0, 0.0, 0.0, 0.0, 0.0, 0.0, 0.0, 0.0, 0.0, 0.0, 0.0, 0.0, 0.0, 0.0, 0.0, 0.0, 0.0, 0.0, 0.0, 0.0, 0.0, 0.0], [0.0, 0.0, 0.0, 0.0, 0.0, 0.0, 0.0, 0.0, 0.0, 0.0, 0.0, 0.0, 0.0, 0.0, 0.0, 0.0, 0.0, 0.0, 0.0, 0.0, 0.0, 0.0, 0.0, 0.0, 0.0, 0.0, 0.0, 0.0, 0.0, 0.0, 35.98403734224701, 24.42809807344937, 54.74718317078545, 42.309484286010566, 7.6402954577923765, 43.19632918905767, 35.25582670029435, 50.9374879238817, 22.648682001021562, 19.51034117888414, 60.0, 28.507031060250554, 47.280164124171876, 45.82333964285082, 13.459577248967083, 41.296458451373056, 48.02978593731764, 53.693534980765385, 49.65238935890719, 12.661491065857925, 0.0, 0.0, 0.0, 0.0, 0.0, 0.0, 0.0, 0.0, 0.0, 0.0, 0.0, 0.0, 0.0, 0.0, 0.0, 0.0, 0.0, 0.0, 0.0, 0.0, 0.0, 0.0, 0.0, 0.0, 0.0, 0.0, 0.0, 0.0, 0.0, 0.0], [0.0, 0.0, 0.0, 0.0, 0.0, 0.0, 0.0, 0.0, 0.0, 0.0, 0.0, 0.0, 0.0, 0.0, 0.0, 0.0, 0.0, 0.0, 0.0, 0.0, 0.0, 0.0, 0.0, 0.0, 0.0, 0.0, 0.0, 0.0, 0.0, 0.0, 35.98403734224701, 24.42809807344937, 54.74718317078545, 42.309484286010566, 7.6402954577923765, 43.19632918905767, 35.25582670029435, 50.9374879238817, 22.648682001021562, 19.51034117888414, 60.0, 28.507031060250554, 47.280164124171876, 45.82333964285082, 13.459577248967083, 41.296458451373056, 48.02978593731764, 53.693534980765385, 49.65238935890719, 12.661491065857925, 0.0, 0.0, 0.0, 0.0, 0.0, 0.0, 0.0, 0.0, 0.0, 0.0, 0.0, 0.0, 0.0, 0.0, 0.0, 0.0, 0.0, 0.0, 0.0, 0.0, 0.0, 0.0, 0.0, 0.0, 0.0, 0.0, 0.0, 0.0, 0.0, 0.0], [0.0, 0.0, 0.0, 0.0, 0.0, 0.0, 0.0, 0.0, 0.0, 0.0, 0.0, 0.0, 0.0, 0.0, 0.0, 0.0, 0.0, 0.0, 0.0, 0.0, 0.0, 0.0, 0.0, 0.0, 0.0, 0.0, 0.0, 0.0, 0.0, 0.0, 35.98403734224701, 24.42809807344937, 54.74718317078545, 42.309484286010566, 7.6402954577923765, 43.19632918905767, 35.25582670029435, 50.9374879238817, 22.648682001021562, 19.51034117888414, 60.0, 28.507031060250554, 47.280164124171876, 45.82333964285082, 13.459577248967083, 41.296458451373056, 48.02978593731764, 53.693534980765385, 49.65238935890719, 12.661491065857925, 0.0, 0.0, 0.0, 0.0, 0.0, 0.0, 0.0, 0.0, 0.0, 0.0, 0.0, 0.0, 0.0, 0.0, 0.0, 0.0, 0.0, 0.0, 0.0, 0.0, 0.0, 0.0, 0.0, 0.0, 0.0, 0.0, 0.0, 0.0, 0.0, 0.0], [0.0, 0.0, 0.0, 0.0, 0.0, 0.0, 0.0, 0.0, 0.0, 0.0, 0.0, 0.0, 0.0, 0.0, 0.0, 0.0, 0.0, 0.0, 0.0, 0.0, 0.0, 0.0, 0.0, 0.0, 0.0, 0.0, 0.0, 0.0, 0.0, 0.0, 35.98403734224701, 24.42809807344937, 54.74718317078545, 42.309484286010566, 7.6402954577923765, 43.19632918905767, 35.25582670029435, 50.9374879238817, 22.648682001021562, 19.51034117888414, 60.0, 28.507031060250554, 47.280164124171876, 45.82333964285082, 13.459577248967083, 41.296458451373056, 48.02978593731764, 53.693534980765385, 49.65238935890719, 12.661491065857925, 0.0, 0.0, 0.0, 0.0, 0.0, 0.0, 0.0, 0.0, 0.0, 0.0, 0.0, 0.0, 0.0, 0.0, 0.0, 0.0, 0.0, 0.0, 0.0, 0.0, 0.0, 0.0, 0.0, 0.0, 0.0, 0.0, 0.0, 0.0, 0.0, 0.0], [0.0, 0.0, 0.0, 0.0, 0.0, 0.0, 0.0, 0.0, 0.0, 0.0, 0.0, 0.0, 0.0, 0.0, 0.0, 0.0, 0.0, 0.0, 0.0, 0.0, 0.0, 0.0, 0.0, 0.0, 0.0, 0.0, 0.0, 0.0, 0.0, 0.0, 35.98403734224701, 24.42809807344937, 54.74718317078545, 42.309484286010566, 7.6402954577923765, 43.19632918905767, 35.25582670029435, 50.9374879238817, 22.648682001021562, 19.51034117888414, 60.0, 28.507031060250554, 47.280164124171876, 45.82333964285082, 13.459577248967083, 41.296458451373056, 48.02978593731764, 53.693534980765385, 49.65238935890719, 12.661491065857925, 0.0, 0.0, 0.0, 0.0, 0.0, 0.0, 0.0, 0.0, 0.0, 0.0, 0.0, 0.0, 0.0, 0.0, 0.0, 0.0, 0.0, 0.0, 0.0, 0.0, 0.0, 0.0, 0.0, 0.0, 0.0, 0.0, 0.0, 0.0, 0.0, 0.0], [0.0, 0.0, 0.0, 0.0, 0.0, 0.0, 0.0, 0.0, 0.0, 0.0, 0.0, 0.0, 0.0, 0.0, 0.0, 0.0, 0.0, 0.0, 0.0, 0.0, 0.0, 0.0, 0.0, 0.0, 0.0, 0.0, 0.0, 0.0, 0.0, 0.0, 35.98403734224701, 24.42809807344937, 54.74718317078545, 42.309484286010566, 7.6402954577923765, 43.19632918905767, 35.25582670029435, 50.9374879238817, 22.648682001021562, 19.51034117888414, 60.0, 28.507031060250554, 47.280164124171876, 45.82333964285082, 13.459577248967083, 41.296458451373056, 48.02978593731764, 53.693534980765385, 49.65238935890719, 12.661491065857925, 0.0, 0.0, 0.0, 0.0, 0.0, 0.0, 0.0, 0.0, 0.0, 0.0, 0.0, 0.0, 0.0, 0.0, 0.0, 0.0, 0.0, 0.0, 0.0, 0.0, 0.0, 0.0, 0.0, 0.0, 0.0, 0.0, 0.0, 0.0, 0.0, 0.0], [0.0, 0.0, 0.0, 0.0, 0.0, 0.0, 0.0, 0.0, 0.0, 0.0, 0.0, 0.0, 0.0, 0.0, 0.0, 0.0, 0.0, 0.0, 0.0, 0.0, 0.0, 0.0, 0.0, 0.0, 0.0, 0.0, 0.0, 0.0, 0.0, 0.0, 35.98403734224701, 24.42809807344937, 54.74718317078545, 42.309484286010566, 7.6402954577923765, 43.19632918905767, 35.25582670029435, 50.9374879238817, 22.648682001021562, 19.51034117888414, 60.0, 28.507031060250554, 47.280164124171876, 45.82333964285082, 13.459577248967083, 41.296458451373056, 48.02978593731764, 53.693534980765385, 49.65238935890719, 12.661491065857925, 0.0, 0.0, 0.0, 0.0, 0.0, 0.0, 0.0, 0.0, 0.0, 0.0, 0.0, 0.0, 0.0, 0.0, 0.0, 0.0, 0.0, 0.0, 0.0, 0.0, 0.0, 0.0, 0.0, 0.0, 0.0, 0.0, 0.0, 0.0, 0.0, 0.0], [0.0, 0.0, 0.0, 0.0, 0.0, 0.0, 0.0, 0.0, 0.0, 0.0, 0.0, 0.0, 0.0, 0.0, 0.0, 0.0, 0.0, 0.0, 0.0, 0.0, 0.0, 0.0, 0.0, 0.0, 0.0, 0.0, 0.0, 0.0, 0.0, 0.0, 35.98403734224701, 24.42809807344937, 54.74718317078545, 42.309484286010566, 7.6402954577923765, 43.19632918905767, 35.25582670029435, 50.9374879238817, 22.648682001021562, 19.51034117888414, 60.0, 28.507031060250554, 47.280164124171876, 45.82333964285082, 13.459577248967083, 41.296458451373056, 48.02978593731764, 53.693534980765385, 49.65238935890719, 12.661491065857925, 0.0, 0.0, 0.0, 0.0, 0.0, 0.0, 0.0, 0.0, 0.0, 0.0, 0.0, 0.0, 0.0, 0.0, 0.0, 0.0, 0.0, 0.0, 0.0, 0.0, 0.0, 0.0, 0.0, 0.0, 0.0, 0.0, 0.0, 0.0, 0.0, 0.0], [0.0, 0.0, 0.0, 0.0, 0.0, 0.0, 0.0, 0.0, 0.0, 0.0, 0.0, 0.0, 0.0, 0.0, 0.0, 0.0, 0.0, 0.0, 0.0, 0.0, 0.0, 0.0, 0.0, 0.0, 0.0, 0.0, 0.0, 0.0, 0.0, 0.0, 35.98403734224701, 24.42809807344937, 54.74718317078545, 42.309484286010566, 7.6402954577923765, 43.19632918905767, 35.25582670029435, 50.9374879238817, 22.648682001021562, 19.51034117888414, 60.0, 28.507031060250554, 47.280164124171876, 45.82333964285082, 13.459577248967083, 41.296458451373056, 48.02978593731764, 53.693534980765385, 49.65238935890719, 12.661491065857925, 0.0, 0.0, 0.0, 0.0, 0.0, 0.0, 0.0, 0.0, 0.0, 0.0, 0.0, 0.0, 0.0, 0.0, 0.0, 0.0, 0.0, 0.0, 0.0, 0.0, 0.0, 0.0, 0.0, 0.0, 0.0, 0.0, 0.0, 0.0, 0.0, 0.0], [0.0, 0.0, 0.0, 0.0, 0.0, 0.0, 0.0, 0.0, 0.0, 0.0, 0.0, 0.0, 0.0, 0.0, 0.0, 0.0, 0.0, 0.0, 0.0, 0.0, 0.0, 0.0, 0.0, 0.0, 0.0, 0.0, 0.0, 0.0, 0.0, 0.0, 35.98403734224701, 24.42809807344937, 54.74718317078545, 42.309484286010566, 7.6402954577923765, 43.19632918905767, 35.25582670029435, 50.9374879238817, 22.648682001021562, 19.51034117888414, 60.0, 28.507031060250554, 47.280164124171876, 45.82333964285082, 13.459577248967083, 41.296458451373056, 48.02978593731764, 53.693534980765385, 49.65238935890719, 12.661491065857925, 0.0, 0.0, 0.0, 0.0, 0.0, 0.0, 0.0, 0.0, 0.0, 0.0, 0.0, 0.0, 0.0, 0.0, 0.0, 0.0, 0.0, 0.0, 0.0, 0.0, 0.0, 0.0, 0.0, 0.0, 0.0, 0.0, 0.0, 0.0, 0.0, 0.0], [0.0, 0.0, 0.0, 0.0, 0.0, 0.0, 0.0, 0.0, 0.0, 0.0, 0.0, 0.0, 0.0, 0.0, 0.0, 0.0, 0.0, 0.0, 0.0, 0.0, 0.0, 0.0, 0.0, 0.0, 0.0, 0.0, 0.0, 0.0, 0.0, 0.0, 35.98403734224701, 24.42809807344937, 54.74718317078545, 42.309484286010566, 7.6402954577923765, 43.19632918905767, 35.25582670029435, 50.9374879238817, 22.648682001021562, 19.51034117888414, 60.0, 28.507031060250554, 47.280164124171876, 45.82333964285082, 13.459577248967083, 41.296458451373056, 48.02978593731764, 53.693534980765385, 49.65238935890719, 12.661491065857925, 0.0, 0.0, 0.0, 0.0, 0.0, 0.0, 0.0, 0.0, 0.0, 0.0, 0.0, 0.0, 0.0, 0.0, 0.0, 0.0, 0.0, 0.0, 0.0, 0.0, 0.0, 0.0, 0.0, 0.0, 0.0, 0.0, 0.0, 0.0, 0.0, 0.0], [0.0, 0.0, 0.0, 0.0, 0.0, 0.0, 0.0, 0.0, 0.0, 0.0, 0.0, 0.0, 0.0, 0.0, 0.0, 0.0, 0.0, 0.0, 0.0, 0.0, 0.0, 0.0, 0.0, 0.0, 0.0, 0.0, 0.0, 0.0, 0.0, 0.0, 35.98403734224701, 24.42809807344937, 54.74718317078545, 42.309484286010566, 7.6402954577923765, 43.19632918905767, 35.25582670029435, 50.9374879238817, 22.648682001021562, 19.51034117888414, 60.0, 28.507031060250554, 47.280164124171876, 45.82333964285082, 13.459577248967083, 41.296458451373056, 48.02978593731764, 53.693534980765385, 49.65238935890719, 12.661491065857925, 0.0, 0.0, 0.0, 0.0, 0.0, 0.0, 0.0, 0.0, 0.0, 0.0, 0.0, 0.0, 0.0, 0.0, 0.0, 0.0, 0.0, 0.0, 0.0, 0.0, 0.0, 0.0, 0.0, 0.0, 0.0, 0.0, 0.0, 0.0, 0.0, 0.0], [0.0, 0.0, 0.0, 0.0, 0.0, 0.0, 0.0, 0.0, 0.0, 0.0, 0.0, 0.0, 0.0, 0.0, 0.0, 0.0, 0.0, 0.0, 0.0, 0.0, 0.0, 0.0, 0.0, 0.0, 0.0, 0.0, 0.0, 0.0, 0.0, 0.0, 35.98403734224701, 24.42809807344937, 54.74718317078545, 42.309484286010566, 7.6402954577923765, 43.19632918905767, 35.25582670029435, 50.9374879238817, 22.648682001021562, 19.51034117888414, 60.0, 28.507031060250554, 47.280164124171876, 45.82333964285082, 13.459577248967083, 41.296458451373056, 48.02978593731764, 53.693534980765385, 49.65238935890719, 12.661491065857925, 0.0, 0.0, 0.0, 0.0, 0.0, 0.0, 0.0, 0.0, 0.0, 0.0, 0.0, 0.0, 0.0, 0.0, 0.0, 0.0, 0.0, 0.0, 0.0, 0.0, 0.0, 0.0, 0.0, 0.0, 0.0, 0.0, 0.0, 0.0, 0.0, 0.0], [0.0, 0.0, 0.0, 0.0, 0.0, 0.0, 0.0, 0.0, 0.0, 0.0, 0.0, 0.0, 0.0, 0.0, 0.0, 0.0, 0.0, 0.0, 0.0, 0.0, 0.0, 0.0, 0.0, 0.0, 0.0, 0.0, 0.0, 0.0, 0.0, 0.0, 35.98403734224701, 24.42809807344937, 54.74718317078545, 42.309484286010566, 7.6402954577923765, 43.19632918905767, 35.25582670029435, 50.9374879238817, 22.648682001021562, 19.51034117888414, 60.0, 28.507031060250554, 47.280164124171876, 45.82333964285082, 13.459577248967083, 41.296458451373056, 48.02978593731764, 53.693534980765385, 49.65238935890719, 12.661491065857925, 0.0, 0.0, 0.0, 0.0, 0.0, 0.0, 0.0, 0.0, 0.0, 0.0, 0.0, 0.0, 0.0, 0.0, 0.0, 0.0, 0.0, 0.0, 0.0, 0.0, 0.0, 0.0, 0.0, 0.0, 0.0, 0.0, 0.0, 0.0, 0.0, 0.0], [0.0, 0.0, 0.0, 0.0, 0.0, 0.0, 0.0, 0.0, 0.0, 0.0, 0.0, 0.0, 0.0, 0.0, 0.0, 0.0, 0.0, 0.0, 0.0, 0.0, 0.0, 0.0, 0.0, 0.0, 0.0, 0.0, 0.0, 0.0, 0.0, 0.0, 35.98403734224701, 24.42809807344937, 54.74718317078545, 42.309484286010566, 7.6402954577923765, 43.19632918905767, 35.25582670029435, 50.9374879238817, 22.648682001021562, 19.51034117888414, 60.0, 28.507031060250554, 47.280164124171876, 45.82333964285082, 13.459577248967083, 41.296458451373056, 48.02978593731764, 53.693534980765385, 49.65238935890719, 12.661491065857925, 0.0, 0.0, 0.0, 0.0, 0.0, 0.0, 0.0, 0.0, 0.0, 0.0, 0.0, 0.0, 0.0, 0.0, 0.0, 0.0, 0.0, 0.0, 0.0, 0.0, 0.0, 0.0, 0.0, 0.0, 0.0, 0.0, 0.0, 0.0, 0.0, 0.0], [0.0, 0.0, 0.0, 0.0, 0.0, 0.0, 0.0, 0.0, 0.0, 0.0, 0.0, 0.0, 0.0, 0.0, 0.0, 0.0, 0.0, 0.0, 0.0, 0.0, 0.0, 0.0, 0.0, 0.0, 0.0, 0.0, 0.0, 0.0, 0.0, 0.0, 35.98403734224701, 24.42809807344937, 54.74718317078545, 42.309484286010566, 7.6402954577923765, 43.19632918905767, 35.25582670029435, 50.9374879238817, 22.648682001021562, 19.51034117888414, 60.0, 28.507031060250554, 47.280164124171876, 45.82333964285082, 13.459577248967083, 41.296458451373056, 48.02978593731764, 53.693534980765385, 49.65238935890719, 12.661491065857925, 0.0, 0.0, 0.0, 0.0, 0.0, 0.0, 0.0, 0.0, 0.0, 0.0, 0.0, 0.0, 0.0, 0.0, 0.0, 0.0, 0.0, 0.0, 0.0, 0.0, 0.0, 0.0, 0.0, 0.0, 0.0, 0.0, 0.0, 0.0, 0.0, 0.0], [0.0, 0.0, 0.0, 0.0, 0.0, 0.0, 0.0, 0.0, 0.0, 0.0, 0.0, 0.0, 0.0, 0.0, 0.0, 0.0, 0.0, 0.0, 0.0, 0.0, 0.0, 0.0, 0.0, 0.0, 0.0, 0.0, 0.0, 0.0, 0.0, 0.0, 35.98403734224701, 24.42809807344937, 54.74718317078545, 42.309484286010566, 7.6402954577923765, 43.19632918905767, 35.25582670029435, 50.9374879238817, 22.648682001021562, 19.51034117888414, 60.0, 28.507031060250554, 47.280164124171876, 45.82333964285082, 13.459577248967083, 41.296458451373056, 48.02978593731764, 53.693534980765385, 49.65238935890719, 12.661491065857925, 0.0, 0.0, 0.0, 0.0, 0.0, 0.0, 0.0, 0.0, 0.0, 0.0, 0.0, 0.0, 0.0, 0.0, 0.0, 0.0, 0.0, 0.0, 0.0, 0.0, 0.0, 0.0, 0.0, 0.0, 0.0, 0.0, 0.0, 0.0, 0.0, 0.0], [0.0, 0.0, 0.0, 0.0, 0.0, 0.0, 0.0, 0.0, 0.0, 0.0, 0.0, 0.0, 0.0, 0.0, 0.0, 0.0, 0.0, 0.0, 0.0, 0.0, 0.0, 0.0, 0.0, 0.0, 0.0, 0.0, 0.0, 0.0, 0.0, 0.0, 35.98403734224701, 24.42809807344937, 54.74718317078545, 42.309484286010566, 7.6402954577923765, 43.19632918905767, 35.25582670029435, 50.9374879238817, 22.648682001021562, 19.51034117888414, 60.0, 28.507031060250554, 47.280164124171876, 45.82333964285082, 13.459577248967083, 41.296458451373056, 48.02978593731764, 53.693534980765385, 49.65238935890719, 12.661491065857925, 0.0, 0.0, 0.0, 0.0, 0.0, 0.0, 0.0, 0.0, 0.0, 0.0, 0.0, 0.0, 0.0, 0.0, 0.0, 0.0, 0.0, 0.0, 0.0, 0.0, 0.0, 0.0, 0.0, 0.0, 0.0, 0.0, 0.0, 0.0, 0.0, 0.0], [35.98403734224701, 35.98403734224701, 35.98403734224701, 35.98403734224701, 35.98403734224701, 35.98403734224701, 35.98403734224701, 35.98403734224701, 35.98403734224701, 35.98403734224701, 35.98403734224701, 35.98403734224701, 35.98403734224701, 35.98403734224701, 35.98403734224701, 35.98403734224701, 35.98403734224701, 35.98403734224701, 35.98403734224701, 35.98403734224701, 35.98403734224701, 35.98403734224701, 35.98403734224701, 35.98403734224701, 35.98403734224701, 35.98403734224701, 35.98403734224701, 35.98403734224701, 35.98403734224701, 35.98403734224701, 0.0, 33.528820458653776, 39.12480288781192, 35.637000740497555, 36.18644616426227, 49.74010880209533, 3.8248225178732422, 22.491001037377973, 46.23725506719158, 18.691937596244887, 43.77586201026416, 22.39230654842614, 51.119785688409046, 30.263508245111442, 25.029304007960604, 9.551794217775761, 12.805247660548105, 40.565326274089074, 26.227354322771973, 38.14629695919352, 35.98403734224701, 35.98403734224701, 35.98403734224701, 35.98403734224701, 35.98403734224701, 35.98403734224701, 35.98403734224701, 35.98403734224701, 35.98403734224701, 35.98403734224701, 35.98403734224701, 35.98403734224701, 35.98403734224701, 35.98403734224701, 35.98403734224701, 35.98403734224701, 35.98403734224701, 35.98403734224701, 35.98403734224701, 35.98403734224701, 35.98403734224701, 35.98403734224701, 35.98403734224701, 35.98403734224701, 35.98403734224701, 35.98403734224701, 35.98403734224701, 35.98403734224701, 35.98403734224701, 35.98403734224701], [24.42809807344937, 24.42809807344937, 24.42809807344937, 24.42809807344937, 24.42809807344937, 24.42809807344937, 24.42809807344937, 24.42809807344937, 24.42809807344937, 24.42809807344937, 24.42809807344937, 24.42809807344937, 24.42809807344937, 24.42809807344937, 24.42809807344937, 24.42809807344937, 24.42809807344937, 24.42809807344937, 24.42809807344937, 24.42809807344937, 24.42809807344937, 24.42809807344937, 24.42809807344937, 24.42809807344937, 24.42809807344937, 24.42809807344937, 24.42809807344937, 24.42809807344937, 24.42809807344937, 24.42809807344937, 33.528820458653776, 0.0, 32.54460321501229, 18.860770429394744, 17.531863715024365, 20.182536081282127, 30.477358254689715, 36.43039512510806, 15.25074749285556, 29.432725011134664, 37.478184265712926, 12.401109593433613, 23.64438791315324, 25.16852046678559, 15.553472088716742, 32.6847582321641, 40.799164133881746, 30.766775003937234, 32.204794773001616, 14.15947072965096, 24.42809807344937, 24.42809807344937, 24.42809807344937, 24.42809807344937, 24.42809807344937, 24.42809807344937, 24.42809807344937, 24.42809807344937, 24.42809807344937, 24.42809807344937, 24.42809807344937, 24.42809807344937, 24.42809807344937, 24.42809807344937, 24.42809807344937, 24.42809807344937, 24.42809807344937, 24.42809807344937, 24.42809807344937, 24.42809807344937, 24.42809807344937, 24.42809807344937, 24.42809807344937, 24.42809807344937, 24.42809807344937, 24.42809807344937, 24.42809807344937, 24.42809807344937, 24.42809807344937, 24.42809807344937], [54.74718317078545, 54.74718317078545, 54.74718317078545, 54.74718317078545, 54.74718317078545, 54.74718317078545, 54.74718317078545, 54.74718317078545, 54.74718317078545, 54.74718317078545, 54.74718317078545, 54.74718317078545, 54.74718317078545, 54.74718317078545, 54.74718317078545, 54.74718317078545, 54.74718317078545, 54.74718317078545, 54.74718317078545, 54.74718317078545, 54.74718317078545, 54.74718317078545, 54.74718317078545, 54.74718317078545, 54.74718317078545, 54.74718317078545, 54.74718317078545, 54.74718317078545, 54.74718317078545, 54.74718317078545, 39.12480288781192, 32.54460321501229, 0.0, 14.097441938537312, 49.133656533959595, 28.991278695895843, 35.49512684486187, 21.28752721518204, 46.15039642336374, 49.64605990564184, 5.326397234302764, 26.68321021502902, 26.433209538566523, 9.661795090516256, 42.04170180627436, 30.661951005783184, 35.31329296044644, 3.520803098949608, 14.362014808681655, 46.56852495960968, 54.74718317078545, 54.74718317078545, 54.74718317078545, 54.74718317078545, 54.74718317078545, 54.74718317078545, 54.74718317078545, 54.74718317078545, 54.74718317078545, 54.74718317078545, 54.74718317078545, 54.74718317078545, 54.74718317078545, 54.74718317078545, 54.74718317078545, 54.74718317078545, 54.74718317078545, 54.74718317078545, 54.74718317078545, 54.74718317078545, 54.74718317078545, 54.74718317078545, 54.74718317078545, 54.74718317078545, 54.74718317078545, 54.74718317078545, 54.74718317078545, 54.74718317078545, 54.74718317078545, 54.74718317078545], [42.309484286010566, 42.309484286010566, 42.309484286010566, 42.309484286010566, 42.309484286010566, 42.309484286010566, 42.309484286010566, 42.309484286010566, 42.309484286010566, 42.309484286010566, 42.309484286010566, 42.309484286010566, 42.309484286010566, 42.309484286010566, 42.309484286010566, 42.309484286010566, 42.309484286010566, 42.309484286010566, 42.309484286010566, 42.309484286010566, 42.309484286010566, 42.309484286010566, 42.309484286010566, 42.309484286010566, 42.309484286010566, 42.309484286010566, 42.309484286010566, 42.309484286010566, 42.309484286010566, 42.309484286010566, 35.637000740497555, 18.860770429394744, 14.097441938537312, 0.0, 36.06004304610769, 17.67234944426498, 31.82063671189052, 26.108923173458177, 32.053277537039094, 40.95179724043466, 18.736761527209154, 16.492007558716832, 17.007851132589686, 9.955947755143317, 30.602406617323126, 29.699033954168858, 36.703045857798585, 11.946599302765765, 19.480739803100313, 33.01686349382257, 42.309484286010566, 42.309484286010566, 42.309484286010566, 42.309484286010566, 42.309484286010566, 42.309484286010566, 42.309484286010566, 42.309484286010566, 42.309484286010566, 42.309484286010566, 42.309484286010566, 42.309484286010566, 42.309484286010566, 42.309484286010566, 42.309484286010566, 42.309484286010566, 42.309484286010566, 42.309484286010566, 42.309484286010566, 42.309484286010566, 42.309484286010566, 42.309484286010566, 42.309484286010566, 42.309484286010566, 42.309484286010566, 42.309484286010566, 42.309484286010566, 42.309484286010566, 42.309484286010566, 42.309484286010566], [7.6402954577923765, 7.6402954577923765, 7.6402954577923765, 7.6402954577923765, 7.6402954577923765, 7.6402954577923765, 7.6402954577923765, 7.6402954577923765, 7.6402954577923765, 7.6402954577923765, 7.6402954577923765, 7.6402954577923765, 7.6402954577923765, 7.6402954577923765, 7.6402954577923765, 7.6402954577923765, 7.6402954577923765, 7.6402954577923765, 7.6402954577923765, 7.6402954577923765, 7.6402954577923765, 7.6402954577923765, 7.6402954577923765, 7.6402954577923765, 7.6402954577923765, 7.6402954577923765, 7.6402954577923765, 7.6402954577923765, 7.6402954577923765, 7.6402954577923765, 36.18644616426227, 17.531863715024365, 49.133656533959595, 36.06004304610769, 0.0, 35.65071360951753, 34.67234009546079, 47.92988725554633, 15.462057292825635, 22.677989223087557, 54.28016106394985, 23.952094361712653, 39.80905196355736, 40.692541917713584, 11.255205181794624, 39.82164792734322, 47.23121431166743, 47.75769763663624, 45.668300247773224, 5.081913347695931, 7.6402954577923765, 7.6402954577923765, 7.6402954577923765, 7.6402954577923765, 7.6402954577923765, 7.6402954577923765, 7.6402954577923765, 7.6402954577923765, 7.6402954577923765, 7.6402954577923765, 7.6402954577923765, 7.6402954577923765, 7.6402954577923765, 7.6402954577923765, 7.6402954577923765, 7.6402954577923765, 7.6402954577923765, 7.6402954577923765, 7.6402954577923765, 7.6402954577923765, 7.6402954577923765, 7.6402954577923765, 7.6402954577923765, 7.6402954577923765, 7.6402954577923765, 7.6402954577923765, 7.6402954577923765, 7.6402954577923765, 7.6402954577923765, 7.6402954577923765], [43.19632918905767, 43.19632918905767, 43.19632918905767, 43.19632918905767, 43.19632918905767, 43.19632918905767, 43.19632918905767, 43.19632918905767, 43.19632918905767, 43.19632918905767, 43.19632918905767, 43.19632918905767, 43.19632918905767, 43.19632918905767, 43.19632918905767, 43.19632918905767, 43.19632918905767, 43.19632918905767, 43.19632918905767, 43.19632918905767, 43.19632918905767, 43.19632918905767, 43.19632918905767, 43.19632918905767, 43.19632918905767, 43.19632918905767, 43.19632918905767, 43.19632918905767, 43.19632918905767, 43.19632918905767, 49.74010880209533, 20.182536081282127, 28.991278695895843, 17.67234944426498, 35.65071360951753, 0.0, 46.12059842508402, 43.72520284041178, 24.445808217658648, 49.34817645124879, 31.872095247444864, 27.534748093461545, 4.670468912504518, 27.60027955542662, 35.734607330492565, 45.68619382085285, 53.28118767234558, 25.692907473341496, 37.15092850499484, 30.97401795767716, 43.19632918905767, 43.19632918905767, 43.19632918905767, 43.19632918905767, 43.19632918905767, 43.19632918905767, 43.19632918905767, 43.19632918905767, 43.19632918905767, 43.19632918905767, 43.19632918905767, 43.19632918905767, 43.19632918905767, 43.19632918905767, 43.19632918905767, 43.19632918905767, 43.19632918905767, 43.19632918905767, 43.19632918905767, 43.19632918905767, 43.19632918905767, 43.19632918905767, 43.19632918905767, 43.19632918905767, 43.19632918905767, 43.19632918905767, 43.19632918905767, 43.19632918905767, 43.19632918905767, 43.19632918905767], [35.25582670029435, 35.25582670029435, 35.25582670029435, 35.25582670029435, 35.25582670029435, 35.25582670029435, 35.25582670029435, 35.25582670029435, 35.25582670029435, 35.25582670029435, 35.25582670029435, 35.25582670029435, 35.25582670029435, 35.25582670029435, 35.25582670029435, 35.25582670029435, 35.25582670029435, 35.25582670029435, 35.25582670029435, 35.25582670029435, 35.25582670029435, 35.25582670029435, 35.25582670029435, 35.25582670029435, 35.25582670029435, 35.25582670029435, 35.25582670029435, 35.25582670029435, 35.25582670029435, 35.25582670029435, 3.8248225178732422, 30.477358254689715, 35.49512684486187, 31.82063671189052, 34.67234009546079, 46.12059842508402, 0.0, 19.8840426242204, 43.7366109686262, 19.472209991978907, 40.2302920041597, 18.95042677451866, 47.40179410148023, 26.519900085754543, 23.418059109153983, 7.160763293290523, 12.774015239675911, 36.84619586760309, 22.949597250586578, 36.18392699506811, 35.25582670029435, 35.25582670029435, 35.25582670029435, 35.25582670029435, 35.25582670029435, 35.25582670029435, 35.25582670029435, 35.25582670029435, 35.25582670029435, 35.25582670029435, 35.25582670029435, 35.25582670029435, 35.25582670029435, 35.25582670029435, 35.25582670029435, 35.25582670029435, 35.25582670029435, 35.25582670029435, 35.25582670029435, 35.25582670029435, 35.25582670029435, 35.25582670029435, 35.25582670029435, 35.25582670029435, 35.25582670029435, 35.25582670029435, 35.25582670029435, 35.25582670029435, 35.25582670029435, 35.25582670029435], [50.9374879238817, 50.9374879238817, 50.9374879238817, 50.9374879238817, 50.9374879238817, 50.9374879238817, 50.9374879238817, 50.9374879238817, 50.9374879238817, 50.9374879238817, 50.9374879238817, 50.9374879238817, 50.9374879238817, 50.9374879238817, 50.9374879238817, 50.9374879238817, 50.9374879238817, 50.9374879238817, 50.9374879238817, 50.9374879238817, 50.9374879238817, 50.9374879238817, 50.9374879238817, 50.9374879238817, 50.9374879238817, 50.9374879238817, 50.9374879238817, 50.9374879238817, 50.9374879238817, 50.9374879238817, 22.491001037377973, 36.43039512510806, 21.28752721518204, 26.108923173458177, 47.92988725554633, 43.72520284041178, 19.8840426242204, 0.0, 51.66654356693365, 38.65201216081489, 24.497032222150057, 24.769205771949206, 42.97788189230874, 16.46122612756618, 37.58079523253638, 12.946470595769924, 14.606649244977815, 24.06581280336081, 7.199961409540185, 47.52460047027156, 50.9374879238817, 50.9374879238817, 50.9374879238817, 50.9374879238817, 50.9374879238817, 50.9374879238817, 50.9374879238817, 50.9374879238817, 50.9374879238817, 50.9374879238817, 50.9374879238817, 50.9374879238817, 50.9374879238817, 50.9374879238817, 50.9374879238817, 50.9374879238817, 50.9374879238817, 50.9374879238817, 50.9374879238817, 50.9374879238817, 50.9374879238817, 50.9374879238817, 50.9374879238817, 50.9374879238817, 50.9374879238817, 50.9374879238817, 50.9374879238817, 50.9374879238817, 50.9374879238817, 50.9374879238817], [22.648682001021562, 22.648682001021562, 22.648682001021562, 22.648682001021562, 22.648682001021562, 22.648682001021562, 22.648682001021562, 22.648682001021562, 22.648682001021562, 22.648682001021562, 22.648682001021562, 22.648682001021562, 22.648682001021562, 22.648682001021562, 22.648682001021562, 22.648682001021562, 22.648682001021562, 22.648682001021562, 22.648682001021562, 22.648682001021562, 22.648682001021562, 22.648682001021562, 22.648682001021562, 22.648682001021562, 22.648682001021562, 22.648682001021562, 22.648682001021562, 22.648682001021562, 22.648682001021562, 22.648682001021562, 46.23725506719158, 15.25074749285556, 46.15039642336374, 32.053277537039094, 15.462057292825635, 24.445808217658648, 43.7366109686262, 51.66654356693365, 0.0, 36.702661599312535, 50.65161722573266, 27.267234687630697, 29.078548217388118, 39.84917267039356, 22.705902573894996, 47.05214704649798, 55.09661038747039, 43.81354316485622, 47.38317233919009, 10.565475594701887, 22.648682001021562, 22.648682001021562, 22.648682001021562, 22.648682001021562, 22.648682001021562, 22.648682001021562, 22.648682001021562, 22.648682001021562, 22.648682001021562, 22.648682001021562, 22.648682001021562, 22.648682001021562, 22.648682001021562, 22.648682001021562, 22.648682001021562, 22.648682001021562, 22.648682001021562, 22.648682001021562, 22.648682001021562, 22.648682001021562, 22.648682001021562, 22.648682001021562, 22.648682001021562, 22.648682001021562, 22.648682001021562, 22.648682001021562, 22.648682001021562, 22.648682001021562, 22.648682001021562, 22.648682001021562], [19.51034117888414, 19.51034117888414, 19.51034117888414, 19.51034117888414, 19.51034117888414, 19.51034117888414, 19.51034117888414, 19.51034117888414, 19.51034117888414, 19.51034117888414, 19.51034117888414, 19.51034117888414, 19.51034117888414, 19.51034117888414, 19.51034117888414, 19.51034117888414, 19.51034117888414, 19.51034117888414, 19.51034117888414, 19.51034117888414, 19.51034117888414, 19.51034117888414, 19.51034117888414, 19.51034117888414, 19.51034117888414, 19.51034117888414, 19.51034117888414, 19.51034117888414, 19.51034117888414, 19.51034117888414, 18.691937596244887, 29.432725011134664, 49.64605990564184, 40.95179724043466, 22.677989223087557, 49.34817645124879, 19.472209991978907, 38.65201216081489, 36.702661599312535, 0.0, 54.88679970640622, 24.461243361555045, 52.253300451990114, 39.9844251444067, 14.481573746257228, 26.55011360245655, 31.48690660275609, 49.87055635772041, 39.9741764240414, 26.52049503093587, 19.51034117888414, 19.51034117888414, 19.51034117888414, 19.51034117888414, 19.51034117888414, 19.51034117888414, 19.51034117888414, 19.51034117888414, 19.51034117888414, 19.51034117888414, 19.51034117888414, 19.51034117888414, 19.51034117888414, 19.51034117888414, 19.51034117888414, 19.51034117888414, 19.51034117888414, 19.51034117888414, 19.51034117888414, 19.51034117888414, 19.51034117888414, 19.51034117888414, 19.51034117888414, 19.51034117888414, 19.51034117888414, 19.51034117888414, 19.51034117888414, 19.51034117888414, 19.51034117888414, 19.51034117888414], [60.0, 60.0, 60.0, 60.0, 60.0, 60.0, 60.0, 60.0, 60.0, 60.0, 60.0, 60.0, 60.0, 60.0, 60.0, 60.0, 60.0, 60.0, 60.0, 60.0, 60.0, 60.0, 60.0, 60.0, 60.0, 60.0, 60.0, 60.0, 60.0, 60.0, 43.77586201026416, 37.478184265712926, 5.326397234302764, 18.736761527209154, 54.28016106394985, 31.872095247444864, 40.2302920041597, 24.497032222150057, 50.65161722573266, 54.88679970640622, 0.0, 32.00546408012374, 28.720655347152338, 14.930275564163026, 47.35234182481368, 34.99571598865866, 38.95496216233248, 6.838092277268013, 18.132618334146766, 51.57736869421377, 60.0, 60.0, 60.0, 60.0, 60.0, 60.0, 60.0, 60.0, 60.0, 60.0, 60.0, 60.0, 60.0, 60.0, 60.0, 60.0, 60.0, 60.0, 60.0, 60.0, 60.0, 60.0, 60.0, 60.0, 60.0, 60.0, 60.0, 60.0, 60.0, 60.0], [28.507031060250554, 28.507031060250554, 28.507031060250554, 28.507031060250554, 28.507031060250554, 28.507031060250554, 28.507031060250554, 28.507031060250554, 28.507031060250554, 28.507031060250554, 28.507031060250554, 28.507031060250554, 28.507031060250554, 28.507031060250554, 28.507031060250554, 28.507031060250554, 28.507031060250554, 28.507031060250554, 28.507031060250554, 28.507031060250554, 28.507031060250554, 28.507031060250554, 28.507031060250554, 28.507031060250554, 28.507031060250554, 28.507031060250554, 28.507031060250554, 28.507031060250554, 28.507031060250554, 28.507031060250554, 22.39230654842614, 12.401109593433613, 26.68321021502902, 16.492007558716832, 23.952094361712653, 27.534748093461545, 18.95042677451866, 24.769205771949206, 27.267234687630697, 24.461243361555045, 32.00546408012374, 0.0, 29.39620136101792, 17.405495029754636, 15.412410217739929, 20.343455733611368, 28.45479886058766, 26.198943600570466, 21.751287251292556, 22.886314466580895, 28.507031060250554, 28.507031060250554, 28.507031060250554, 28.507031060250554, 28.507031060250554, 28.507031060250554, 28.507031060250554, 28.507031060250554, 28.507031060250554, 28.507031060250554, 28.507031060250554, 28.507031060250554, 28.507031060250554, 28.507031060250554, 28.507031060250554, 28.507031060250554, 28.507031060250554, 28.507031060250554, 28.507031060250554, 28.507031060250554, 28.507031060250554, 28.507031060250554, 28.507031060250554, 28.507031060250554, 28.507031060250554, 28.507031060250554, 28.507031060250554, 28.507031060250554, 28.507031060250554, 28.507031060250554], [47.280164124171876, 47.280164124171876, 47.280164124171876, 47.280164124171876, 47.280164124171876, 47.280164124171876, 47.280164124171876, 47.280164124171876, 47.280164124171876, 47.280164124171876, 47.280164124171876, 47.280164124171876, 47.280164124171876, 47.280164124171876, 47.280164124171876, 47.280164124171876, 47.280164124171876, 47.280164124171876, 47.280164124171876, 47.280164124171876, 47.280164124171876, 47.280164124171876, 47.280164124171876, 47.280164124171876, 47.280164124171876, 47.280164124171876, 47.280164124171876, 47.280164124171876, 47.280164124171876, 47.280164124171876, 51.119785688409046, 23.64438791315324, 26.433209538566523, 17.007851132589686, 39.80905196355736, 4.670468912504518, 47.40179410148023, 42.97788189230874, 29.078548217388118, 52.253300451990114, 28.720655347152338, 29.39620136101792, 0.0, 26.555343287780573, 39.07558615198685, 46.26486387497872, 53.5585043085789, 22.988633285199974, 36.10994359927852, 35.25257541163771, 47.280164124171876, 47.280164124171876, 47.280164124171876, 47.280164124171876, 47.280164124171876, 47.280164124171876, 47.280164124171876, 47.280164124171876, 47.280164124171876, 47.280164124171876, 47.280164124171876, 47.280164124171876, 47.280164124171876, 47.280164124171876, 47.280164124171876, 47.280164124171876, 47.280164124171876, 47.280164124171876, 47.280164124171876, 47.280164124171876, 47.280164124171876, 47.280164124171876, 47.280164124171876, 47.280164124171876, 47.280164124171876, 47.280164124171876, 47.280164124171876, 47.280164124171876, 47.280164124171876, 47.280164124171876], [45.82333964285082, 45.82333964285082, 45.82333964285082, 45.82333964285082, 45.82333964285082, 45.82333964285082, 45.82333964285082, 45.82333964285082, 45.82333964285082, 45.82333964285082, 45.82333964285082, 45.82333964285082, 45.82333964285082, 45.82333964285082, 45.82333964285082, 45.82333964285082, 45.82333964285082, 45.82333964285082, 45.82333964285082, 45.82333964285082, 45.82333964285082, 45.82333964285082, 45.82333964285082, 45.82333964285082, 45.82333964285082, 45.82333964285082, 45.82333964285082, 45.82333964285082, 45.82333964285082, 45.82333964285082, 30.263508245111442, 25.16852046678559, 9.661795090516256, 9.955947755143317, 40.692541917713584, 27.60027955542662, 26.519900085754543, 16.46122612756618, 39.84917267039356, 39.9844251444067, 14.930275564163026, 17.405495029754636, 26.555343287780573, 0.0, 32.816244974510056, 22.57156936675144, 28.51662643015059, 10.360027022034297, 9.577722579473582, 38.661366895990774, 45.82333964285082, 45.82333964285082, 45.82333964285082, 45.82333964285082, 45.82333964285082, 45.82333964285082, 45.82333964285082, 45.82333964285082, 45.82333964285082, 45.82333964285082, 45.82333964285082, 45.82333964285082, 45.82333964285082, 45.82333964285082, 45.82333964285082, 45.82333964285082, 45.82333964285082, 45.82333964285082, 45.82333964285082, 45.82333964285082, 45.82333964285082, 45.82333964285082, 45.82333964285082, 45.82333964285082, 45.82333964285082, 45.82333964285082, 45.82333964285082, 45.82333964285082, 45.82333964285082, 45.82333964285082], [13.459577248967083, 13.459577248967083, 13.459577248967083, 13.459577248967083, 13.459577248967083, 13.459577248967083, 13.459577248967083, 13.459577248967083, 13.459577248967083, 13.459577248967083, 13.459577248967083, 13.459577248967083, 13.459577248967083, 13.459577248967083, 13.459577248967083, 13.459577248967083, 13.459577248967083, 13.459577248967083, 13.459577248967083, 13.459577248967083, 13.459577248967083, 13.459577248967083, 13.459577248967083, 13.459577248967083, 13.459577248967083, 13.459577248967083, 13.459577248967083, 13.459577248967083, 13.459577248967083, 13.459577248967083, 25.029304007960604, 15.553472088716742, 42.04170180627436, 30.602406617323126, 11.255205181794624, 35.734607330492565, 23.418059109153983, 37.58079523253638, 22.705902573894996, 14.481573746257228, 47.35234182481368, 15.412410217739929, 39.07558615198685, 32.816244974510056, 0.0, 28.68566518937578, 35.99243829444028, 41.339050469934804, 36.20399254212534, 13.331031558144899, 13.459577248967083, 13.459577248967083, 13.459577248967083, 13.459577248967083, 13.459577248967083, 13.459577248967083, 13.459577248967083, 13.459577248967083, 13.459577248967083, 13.459577248967083, 13.459577248967083, 13.459577248967083, 13.459577248967083, 13.459577248967083, 13.459577248967083, 13.459577248967083, 13.459577248967083, 13.459577248967083, 13.459577248967083, 13.459577248967083, 13.459577248967083, 13.459577248967083, 13.459577248967083, 13.459577248967083, 13.459577248967083, 13.459577248967083, 13.459577248967083, 13.459577248967083, 13.459577248967083, 13.459577248967083], [41.296458451373056, 41.296458451373056, 41.296458451373056, 41.296458451373056, 41.296458451373056, 41.296458451373056, 41.296458451373056, 41.296458451373056, 41.296458451373056, 41.296458451373056, 41.296458451373056, 41.296458451373056, 41.296458451373056, 41.296458451373056, 41.296458451373056, 41.296458451373056, 41.296458451373056, 41.296458451373056, 41.296458451373056, 41.296458451373056, 41.296458451373056, 41.296458451373056, 41.296458451373056, 41.296458451373056, 41.296458451373056, 41.296458451373056, 41.296458451373056, 41.296458451373056, 41.296458451373056, 41.296458451373056, 9.551794217775761, 32.6847582321641, 30.661951005783184, 29.699033954168858, 39.82164792734322, 45.68619382085285, 7.160763293290523, 12.946470595769924, 47.05214704649798, 26.55011360245655, 34.99571598865866, 20.343455733611368, 46.26486387497872, 22.57156936675144, 28.68566518937578, 0.0, 8.114890308293091, 32.52267542808957, 17.048402108445764, 40.63842247799203, 41.296458451373056, 41.296458451373056, 41.296458451373056, 41.296458451373056, 41.296458451373056, 41.296458451373056, 41.296458451373056, 41.296458451373056, 41.296458451373056, 41.296458451373056, 41.296458451373056, 41.296458451373056, 41.296458451373056, 41.296458451373056, 41.296458451373056, 41.296458451373056, 41.296458451373056, 41.296458451373056, 41.296458451373056, 41.296458451373056, 41.296458451373056, 41.296458451373056, 41.296458451373056, 41.296458451373056, 41.296458451373056, 41.296458451373056, 41.296458451373056, 41.296458451373056, 41.296458451373056, 41.296458451373056], [48.02978593731764, 48.02978593731764, 48.02978593731764, 48.02978593731764, 48.02978593731764, 48.02978593731764, 48.02978593731764, 48.02978593731764, 48.02978593731764, 48.02978593731764, 48.02978593731764, 48.02978593731764, 48.02978593731764, 48.02978593731764, 48.02978593731764, 48.02978593731764, 48.02978593731764, 48.02978593731764, 48.02978593731764, 48.02978593731764, 48.02978593731764, 48.02978593731764, 48.02978593731764, 48.02978593731764, 48.02978593731764, 48.02978593731764, 48.02978593731764, 48.02978593731764, 48.02978593731764, 48.02978593731764, 12.805247660548105, 40.799164133881746, 35.31329296044644, 36.703045857798585, 47.23121431166743, 53.28118767234558, 12.774015239675911, 14.606649244977815, 55.09661038747039, 31.48690660275609, 38.95496216233248, 28.45479886058766, 53.5585043085789, 28.51662643015059, 35.99243829444028, 8.114890308293091, 0.0, 37.70595986500994, 20.967145904359352, 48.3757532199205, 48.02978593731764, 48.02978593731764, 48.02978593731764, 48.02978593731764, 48.02978593731764, 48.02978593731764, 48.02978593731764, 48.02978593731764, 48.02978593731764, 48.02978593731764, 48.02978593731764, 48.02978593731764, 48.02978593731764, 48.02978593731764, 48.02978593731764, 48.02978593731764, 48.02978593731764, 48.02978593731764, 48.02978593731764, 48.02978593731764, 48.02978593731764, 48.02978593731764, 48.02978593731764, 48.02978593731764, 48.02978593731764, 48.02978593731764, 48.02978593731764, 48.02978593731764, 48.02978593731764, 48.02978593731764], [53.693534980765385, 53.693534980765385, 53.693534980765385, 53.693534980765385, 53.693534980765385, 53.693534980765385, 53.693534980765385, 53.693534980765385, 53.693534980765385, 53.693534980765385, 53.693534980765385, 53.693534980765385, 53.693534980765385, 53.693534980765385, 53.693534980765385, 53.693534980765385, 53.693534980765385, 53.693534980765385, 53.693534980765385, 53.693534980765385, 53.693534980765385, 53.693534980765385, 53.693534980765385, 53.693534980765385, 53.693534980765385, 53.693534980765385, 53.693534980765385, 53.693534980765385, 53.693534980765385, 53.693534980765385, 40.565326274089074, 30.766775003937234, 3.520803098949608, 11.946599302765765, 47.75769763663624, 25.692907473341496, 36.84619586760309, 24.06581280336081, 43.81354316485622, 49.87055635772041, 6.838092277268013, 26.198943600570466, 22.988633285199974, 10.360027022034297, 41.339050469934804, 32.52267542808957, 37.70595986500994, 0.0, 16.953117182357957, 44.90265929428491, 53.693534980765385, 53.693534980765385, 53.693534980765385, 53.693534980765385, 53.693534980765385, 53.693534980765385, 53.693534980765385, 53.693534980765385, 53.693534980765385, 53.693534980765385, 53.693534980765385, 53.693534980765385, 53.693534980765385, 53.693534980765385, 53.693534980765385, 53.693534980765385, 53.693534980765385, 53.693534980765385, 53.693534980765385, 53.693534980765385, 53.693534980765385, 53.693534980765385, 53.693534980765385, 53.693534980765385, 53.693534980765385, 53.693534980765385, 53.693534980765385, 53.693534980765385, 53.693534980765385, 53.693534980765385], [49.65238935890719, 49.65238935890719, 49.65238935890719, 49.65238935890719, 49.65238935890719, 49.65238935890719, 49.65238935890719, 49.65238935890719, 49.65238935890719, 49.65238935890719, 49.65238935890719, 49.65238935890719, 49.65238935890719, 49.65238935890719, 49.65238935890719, 49.65238935890719, 49.65238935890719, 49.65238935890719, 49.65238935890719, 49.65238935890719, 49.65238935890719, 49.65238935890719, 49.65238935890719, 49.65238935890719, 49.65238935890719, 49.65238935890719, 49.65238935890719, 49.65238935890719, 49.65238935890719, 49.65238935890719, 26.227354322771973, 32.204794773001616, 14.362014808681655, 19.480739803100313, 45.668300247773224, 37.15092850499484, 22.949597250586578, 7.199961409540185, 47.38317233919009, 39.9741764240414, 18.132618334146766, 21.751287251292556, 36.10994359927852, 9.577722579473582, 36.20399254212534, 17.048402108445764, 20.967145904359352, 16.953117182357957, 0.0, 44.53726311801938, 49.65238935890719, 49.65238935890719, 49.65238935890719, 49.65238935890719, 49.65238935890719, 49.65238935890719, 49.65238935890719, 49.65238935890719, 49.65238935890719, 49.65238935890719, 49.65238935890719, 49.65238935890719, 49.65238935890719, 49.65238935890719, 49.65238935890719, 49.65238935890719, 49.65238935890719, 49.65238935890719, 49.65238935890719, 49.65238935890719, 49.65238935890719, 49.65238935890719, 49.65238935890719, 49.65238935890719, 49.65238935890719, 49.65238935890719, 49.65238935890719, 49.65238935890719, 49.65238935890719, 49.65238935890719], [12.661491065857925, 12.661491065857925, 12.661491065857925, 12.661491065857925, 12.661491065857925, 12.661491065857925, 12.661491065857925, 12.661491065857925, 12.661491065857925, 12.661491065857925, 12.661491065857925, 12.661491065857925, 12.661491065857925, 12.661491065857925, 12.661491065857925, 12.661491065857925, 12.661491065857925, 12.661491065857925, 12.661491065857925, 12.661491065857925, 12.661491065857925, 12.661491065857925, 12.661491065857925, 12.661491065857925, 12.661491065857925, 12.661491065857925, 12.661491065857925, 12.661491065857925, 12.661491065857925, 12.661491065857925, 38.14629695919352, 14.15947072965096, 46.56852495960968, 33.01686349382257, 5.081913347695931, 30.97401795767716, 36.18392699506811, 47.52460047027156, 10.565475594701887, 26.52049503093587, 51.57736869421377, 22.886314466580895, 35.25257541163771, 38.661366895990774, 13.331031558144899, 40.63842247799203, 48.3757532199205, 44.90265929428491, 44.53726311801938, 0.0, 12.661491065857925, 12.661491065857925, 12.661491065857925, 12.661491065857925, 12.661491065857925, 12.661491065857925, 12.661491065857925, 12.661491065857925, 12.661491065857925, 12.661491065857925, 12.661491065857925, 12.661491065857925, 12.661491065857925, 12.661491065857925, 12.661491065857925, 12.661491065857925, 12.661491065857925, 12.661491065857925, 12.661491065857925, 12.661491065857925, 12.661491065857925, 12.661491065857925, 12.661491065857925, 12.661491065857925, 12.661491065857925, 12.661491065857925, 12.661491065857925, 12.661491065857925, 12.661491065857925, 12.661491065857925], [0.0, 0.0, 0.0, 0.0, 0.0, 0.0, 0.0, 0.0, 0.0, 0.0, 0.0, 0.0, 0.0, 0.0, 0.0, 0.0, 0.0, 0.0, 0.0, 0.0, 0.0, 0.0, 0.0, 0.0, 0.0, 0.0, 0.0, 0.0, 0.0, 0.0, 35.98403734224701, 24.42809807344937, 54.74718317078545, 42.309484286010566, 7.6402954577923765, 43.19632918905767, 35.25582670029435, 50.9374879238817, 22.648682001021562, 19.51034117888414, 60.0, 28.507031060250554, 47.280164124171876, 45.82333964285082, 13.459577248967083, 41.296458451373056, 48.02978593731764, 53.693534980765385, 49.65238935890719, 12.661491065857925, 0.0, 0.0, 0.0, 0.0, 0.0, 0.0, 0.0, 0.0, 0.0, 0.0, 0.0, 0.0, 0.0, 0.0, 0.0, 0.0, 0.0, 0.0, 0.0, 0.0, 0.0, 0.0, 0.0, 0.0, 0.0, 0.0, 0.0, 0.0, 0.0, 0.0], [0.0, 0.0, 0.0, 0.0, 0.0, 0.0, 0.0, 0.0, 0.0, 0.0, 0.0, 0.0, 0.0, 0.0, 0.0, 0.0, 0.0, 0.0, 0.0, 0.0, 0.0, 0.0, 0.0, 0.0, 0.0, 0.0, 0.0, 0.0, 0.0, 0.0, 35.98403734224701, 24.42809807344937, 54.74718317078545, 42.309484286010566, 7.6402954577923765, 43.19632918905767, 35.25582670029435, 50.9374879238817, 22.648682001021562, 19.51034117888414, 60.0, 28.507031060250554, 47.280164124171876, 45.82333964285082, 13.459577248967083, 41.296458451373056, 48.02978593731764, 53.693534980765385, 49.65238935890719, 12.661491065857925, 0.0, 0.0, 0.0, 0.0, 0.0, 0.0, 0.0, 0.0, 0.0, 0.0, 0.0, 0.0, 0.0, 0.0, 0.0, 0.0, 0.0, 0.0, 0.0, 0.0, 0.0, 0.0, 0.0, 0.0, 0.0, 0.0, 0.0, 0.0, 0.0, 0.0], [0.0, 0.0, 0.0, 0.0, 0.0, 0.0, 0.0, 0.0, 0.0, 0.0, 0.0, 0.0, 0.0, 0.0, 0.0, 0.0, 0.0, 0.0, 0.0, 0.0, 0.0, 0.0, 0.0, 0.0, 0.0, 0.0, 0.0, 0.0, 0.0, 0.0, 35.98403734224701, 24.42809807344937, 54.74718317078545, 42.309484286010566, 7.6402954577923765, 43.19632918905767, 35.25582670029435, 50.9374879238817, 22.648682001021562, 19.51034117888414, 60.0, 28.507031060250554, 47.280164124171876, 45.82333964285082, 13.459577248967083, 41.296458451373056, 48.02978593731764, 53.693534980765385, 49.65238935890719, 12.661491065857925, 0.0, 0.0, 0.0, 0.0, 0.0, 0.0, 0.0, 0.0, 0.0, 0.0, 0.0, 0.0, 0.0, 0.0, 0.0, 0.0, 0.0, 0.0, 0.0, 0.0, 0.0, 0.0, 0.0, 0.0, 0.0, 0.0, 0.0, 0.0, 0.0, 0.0], [0.0, 0.0, 0.0, 0.0, 0.0, 0.0, 0.0, 0.0, 0.0, 0.0, 0.0, 0.0, 0.0, 0.0, 0.0, 0.0, 0.0, 0.0, 0.0, 0.0, 0.0, 0.0, 0.0, 0.0, 0.0, 0.0, 0.0, 0.0, 0.0, 0.0, 35.98403734224701, 24.42809807344937, 54.74718317078545, 42.309484286010566, 7.6402954577923765, 43.19632918905767, 35.25582670029435, 50.9374879238817, 22.648682001021562, 19.51034117888414, 60.0, 28.507031060250554, 47.280164124171876, 45.82333964285082, 13.459577248967083, 41.296458451373056, 48.02978593731764, 53.693534980765385, 49.65238935890719, 12.661491065857925, 0.0, 0.0, 0.0, 0.0, 0.0, 0.0, 0.0, 0.0, 0.0, 0.0, 0.0, 0.0, 0.0, 0.0, 0.0, 0.0, 0.0, 0.0, 0.0, 0.0, 0.0, 0.0, 0.0, 0.0, 0.0, 0.0, 0.0, 0.0, 0.0, 0.0], [0.0, 0.0, 0.0, 0.0, 0.0, 0.0, 0.0, 0.0, 0.0, 0.0, 0.0, 0.0, 0.0, 0.0, 0.0, 0.0, 0.0, 0.0, 0.0, 0.0, 0.0, 0.0, 0.0, 0.0, 0.0, 0.0, 0.0, 0.0, 0.0, 0.0, 35.98403734224701, 24.42809807344937, 54.74718317078545, 42.309484286010566, 7.6402954577923765, 43.19632918905767, 35.25582670029435, 50.9374879238817, 22.648682001021562, 19.51034117888414, 60.0, 28.507031060250554, 47.280164124171876, 45.82333964285082, 13.459577248967083, 41.296458451373056, 48.02978593731764, 53.693534980765385, 49.65238935890719, 12.661491065857925, 0.0, 0.0, 0.0, 0.0, 0.0, 0.0, 0.0, 0.0, 0.0, 0.0, 0.0, 0.0, 0.0, 0.0, 0.0, 0.0, 0.0, 0.0, 0.0, 0.0, 0.0, 0.0, 0.0, 0.0, 0.0, 0.0, 0.0, 0.0, 0.0, 0.0], [0.0, 0.0, 0.0, 0.0, 0.0, 0.0, 0.0, 0.0, 0.0, 0.0, 0.0, 0.0, 0.0, 0.0, 0.0, 0.0, 0.0, 0.0, 0.0, 0.0, 0.0, 0.0, 0.0, 0.0, 0.0, 0.0, 0.0, 0.0, 0.0, 0.0, 35.98403734224701, 24.42809807344937, 54.74718317078545, 42.309484286010566, 7.6402954577923765, 43.19632918905767, 35.25582670029435, 50.9374879238817, 22.648682001021562, 19.51034117888414, 60.0, 28.507031060250554, 47.280164124171876, 45.82333964285082, 13.459577248967083, 41.296458451373056, 48.02978593731764, 53.693534980765385, 49.65238935890719, 12.661491065857925, 0.0, 0.0, 0.0, 0.0, 0.0, 0.0, 0.0, 0.0, 0.0, 0.0, 0.0, 0.0, 0.0, 0.0, 0.0, 0.0, 0.0, 0.0, 0.0, 0.0, 0.0, 0.0, 0.0, 0.0, 0.0, 0.0, 0.0, 0.0, 0.0, 0.0], [0.0, 0.0, 0.0, 0.0, 0.0, 0.0, 0.0, 0.0, 0.0, 0.0, 0.0, 0.0, 0.0, 0.0, 0.0, 0.0, 0.0, 0.0, 0.0, 0.0, 0.0, 0.0, 0.0, 0.0, 0.0, 0.0, 0.0, 0.0, 0.0, 0.0, 35.98403734224701, 24.42809807344937, 54.74718317078545, 42.309484286010566, 7.6402954577923765, 43.19632918905767, 35.25582670029435, 50.9374879238817, 22.648682001021562, 19.51034117888414, 60.0, 28.507031060250554, 47.280164124171876, 45.82333964285082, 13.459577248967083, 41.296458451373056, 48.02978593731764, 53.693534980765385, 49.65238935890719, 12.661491065857925, 0.0, 0.0, 0.0, 0.0, 0.0, 0.0, 0.0, 0.0, 0.0, 0.0, 0.0, 0.0, 0.0, 0.0, 0.0, 0.0, 0.0, 0.0, 0.0, 0.0, 0.0, 0.0, 0.0, 0.0, 0.0, 0.0, 0.0, 0.0, 0.0, 0.0], [0.0, 0.0, 0.0, 0.0, 0.0, 0.0, 0.0, 0.0, 0.0, 0.0, 0.0, 0.0, 0.0, 0.0, 0.0, 0.0, 0.0, 0.0, 0.0, 0.0, 0.0, 0.0, 0.0, 0.0, 0.0, 0.0, 0.0, 0.0, 0.0, 0.0, 35.98403734224701, 24.42809807344937, 54.74718317078545, 42.309484286010566, 7.6402954577923765, 43.19632918905767, 35.25582670029435, 50.9374879238817, 22.648682001021562, 19.51034117888414, 60.0, 28.507031060250554, 47.280164124171876, 45.82333964285082, 13.459577248967083, 41.296458451373056, 48.02978593731764, 53.693534980765385, 49.65238935890719, 12.661491065857925, 0.0, 0.0, 0.0, 0.0, 0.0, 0.0, 0.0, 0.0, 0.0, 0.0, 0.0, 0.0, 0.0, 0.0, 0.0, 0.0, 0.0, 0.0, 0.0, 0.0, 0.0, 0.0, 0.0, 0.0, 0.0, 0.0, 0.0, 0.0, 0.0, 0.0], [0.0, 0.0, 0.0, 0.0, 0.0, 0.0, 0.0, 0.0, 0.0, 0.0, 0.0, 0.0, 0.0, 0.0, 0.0, 0.0, 0.0, 0.0, 0.0, 0.0, 0.0, 0.0, 0.0, 0.0, 0.0, 0.0, 0.0, 0.0, 0.0, 0.0, 35.98403734224701, 24.42809807344937, 54.74718317078545, 42.309484286010566, 7.6402954577923765, 43.19632918905767, 35.25582670029435, 50.9374879238817, 22.648682001021562, 19.51034117888414, 60.0, 28.507031060250554, 47.280164124171876, 45.82333964285082, 13.459577248967083, 41.296458451373056, 48.02978593731764, 53.693534980765385, 49.65238935890719, 12.661491065857925, 0.0, 0.0, 0.0, 0.0, 0.0, 0.0, 0.0, 0.0, 0.0, 0.0, 0.0, 0.0, 0.0, 0.0, 0.0, 0.0, 0.0, 0.0, 0.0, 0.0, 0.0, 0.0, 0.0, 0.0, 0.0, 0.0, 0.0, 0.0, 0.0, 0.0], [0.0, 0.0, 0.0, 0.0, 0.0, 0.0, 0.0, 0.0, 0.0, 0.0, 0.0, 0.0, 0.0, 0.0, 0.0, 0.0, 0.0, 0.0, 0.0, 0.0, 0.0, 0.0, 0.0, 0.0, 0.0, 0.0, 0.0, 0.0, 0.0, 0.0, 35.98403734224701, 24.42809807344937, 54.74718317078545, 42.309484286010566, 7.6402954577923765, 43.19632918905767, 35.25582670029435, 50.9374879238817, 22.648682001021562, 19.51034117888414, 60.0, 28.507031060250554, 47.280164124171876, 45.82333964285082, 13.459577248967083, 41.296458451373056, 48.02978593731764, 53.693534980765385, 49.65238935890719, 12.661491065857925, 0.0, 0.0, 0.0, 0.0, 0.0, 0.0, 0.0, 0.0, 0.0, 0.0, 0.0, 0.0, 0.0, 0.0, 0.0, 0.0, 0.0, 0.0, 0.0, 0.0, 0.0, 0.0, 0.0, 0.0, 0.0, 0.0, 0.0, 0.0, 0.0, 0.0], [0.0, 0.0, 0.0, 0.0, 0.0, 0.0, 0.0, 0.0, 0.0, 0.0, 0.0, 0.0, 0.0, 0.0, 0.0, 0.0, 0.0, 0.0, 0.0, 0.0, 0.0, 0.0, 0.0, 0.0, 0.0, 0.0, 0.0, 0.0, 0.0, 0.0, 35.98403734224701, 24.42809807344937, 54.74718317078545, 42.309484286010566, 7.6402954577923765, 43.19632918905767, 35.25582670029435, 50.9374879238817, 22.648682001021562, 19.51034117888414, 60.0, 28.507031060250554, 47.280164124171876, 45.82333964285082, 13.459577248967083, 41.296458451373056, 48.02978593731764, 53.693534980765385, 49.65238935890719, 12.661491065857925, 0.0, 0.0, 0.0, 0.0, 0.0, 0.0, 0.0, 0.0, 0.0, 0.0, 0.0, 0.0, 0.0, 0.0, 0.0, 0.0, 0.0, 0.0, 0.0, 0.0, 0.0, 0.0, 0.0, 0.0, 0.0, 0.0, 0.0, 0.0, 0.0, 0.0], [0.0, 0.0, 0.0, 0.0, 0.0, 0.0, 0.0, 0.0, 0.0, 0.0, 0.0, 0.0, 0.0, 0.0, 0.0, 0.0, 0.0, 0.0, 0.0, 0.0, 0.0, 0.0, 0.0, 0.0, 0.0, 0.0, 0.0, 0.0, 0.0, 0.0, 35.98403734224701, 24.42809807344937, 54.74718317078545, 42.309484286010566, 7.6402954577923765, 43.19632918905767, 35.25582670029435, 50.9374879238817, 22.648682001021562, 19.51034117888414, 60.0, 28.507031060250554, 47.280164124171876, 45.82333964285082, 13.459577248967083, 41.296458451373056, 48.02978593731764, 53.693534980765385, 49.65238935890719, 12.661491065857925, 0.0, 0.0, 0.0, 0.0, 0.0, 0.0, 0.0, 0.0, 0.0, 0.0, 0.0, 0.0, 0.0, 0.0, 0.0, 0.0, 0.0, 0.0, 0.0, 0.0, 0.0, 0.0, 0.0, 0.0, 0.0, 0.0, 0.0, 0.0, 0.0, 0.0], [0.0, 0.0, 0.0, 0.0, 0.0, 0.0, 0.0, 0.0, 0.0, 0.0, 0.0, 0.0, 0.0, 0.0, 0.0, 0.0, 0.0, 0.0, 0.0, 0.0, 0.0, 0.0, 0.0, 0.0, 0.0, 0.0, 0.0, 0.0, 0.0, 0.0, 35.98403734224701, 24.42809807344937, 54.74718317078545, 42.309484286010566, 7.6402954577923765, 43.19632918905767, 35.25582670029435, 50.9374879238817, 22.648682001021562, 19.51034117888414, 60.0, 28.507031060250554, 47.280164124171876, 45.82333964285082, 13.459577248967083, 41.296458451373056, 48.02978593731764, 53.693534980765385, 49.65238935890719, 12.661491065857925, 0.0, 0.0, 0.0, 0.0, 0.0, 0.0, 0.0, 0.0, 0.0, 0.0, 0.0, 0.0, 0.0, 0.0, 0.0, 0.0, 0.0, 0.0, 0.0, 0.0, 0.0, 0.0, 0.0, 0.0, 0.0, 0.0, 0.0, 0.0, 0.0, 0.0], [0.0, 0.0, 0.0, 0.0, 0.0, 0.0, 0.0, 0.0, 0.0, 0.0, 0.0, 0.0, 0.0, 0.0, 0.0, 0.0, 0.0, 0.0, 0.0, 0.0, 0.0, 0.0, 0.0, 0.0, 0.0, 0.0, 0.0, 0.0, 0.0, 0.0, 35.98403734224701, 24.42809807344937, 54.74718317078545, 42.309484286010566, 7.6402954577923765, 43.19632918905767, 35.25582670029435, 50.9374879238817, 22.648682001021562, 19.51034117888414, 60.0, 28.507031060250554, 47.280164124171876, 45.82333964285082, 13.459577248967083, 41.296458451373056, 48.02978593731764, 53.693534980765385, 49.65238935890719, 12.661491065857925, 0.0, 0.0, 0.0, 0.0, 0.0, 0.0, 0.0, 0.0, 0.0, 0.0, 0.0, 0.0, 0.0, 0.0, 0.0, 0.0, 0.0, 0.0, 0.0, 0.0, 0.0, 0.0, 0.0, 0.0, 0.0, 0.0, 0.0, 0.0, 0.0, 0.0], [0.0, 0.0, 0.0, 0.0, 0.0, 0.0, 0.0, 0.0, 0.0, 0.0, 0.0, 0.0, 0.0, 0.0, 0.0, 0.0, 0.0, 0.0, 0.0, 0.0, 0.0, 0.0, 0.0, 0.0, 0.0, 0.0, 0.0, 0.0, 0.0, 0.0, 35.98403734224701, 24.42809807344937, 54.74718317078545, 42.309484286010566, 7.6402954577923765, 43.19632918905767, 35.25582670029435, 50.9374879238817, 22.648682001021562, 19.51034117888414, 60.0, 28.507031060250554, 47.280164124171876, 45.82333964285082, 13.459577248967083, 41.296458451373056, 48.02978593731764, 53.693534980765385, 49.65238935890719, 12.661491065857925, 0.0, 0.0, 0.0, 0.0, 0.0, 0.0, 0.0, 0.0, 0.0, 0.0, 0.0, 0.0, 0.0, 0.0, 0.0, 0.0, 0.0, 0.0, 0.0, 0.0, 0.0, 0.0, 0.0, 0.0, 0.0, 0.0, 0.0, 0.0, 0.0, 0.0], [0.0, 0.0, 0.0, 0.0, 0.0, 0.0, 0.0, 0.0, 0.0, 0.0, 0.0, 0.0, 0.0, 0.0, 0.0, 0.0, 0.0, 0.0, 0.0, 0.0, 0.0, 0.0, 0.0, 0.0, 0.0, 0.0, 0.0, 0.0, 0.0, 0.0, 35.98403734224701, 24.42809807344937, 54.74718317078545, 42.309484286010566, 7.6402954577923765, 43.19632918905767, 35.25582670029435, 50.9374879238817, 22.648682001021562, 19.51034117888414, 60.0, 28.507031060250554, 47.280164124171876, 45.82333964285082, 13.459577248967083, 41.296458451373056, 48.02978593731764, 53.693534980765385, 49.65238935890719, 12.661491065857925, 0.0, 0.0, 0.0, 0.0, 0.0, 0.0, 0.0, 0.0, 0.0, 0.0, 0.0, 0.0, 0.0, 0.0, 0.0, 0.0, 0.0, 0.0, 0.0, 0.0, 0.0, 0.0, 0.0, 0.0, 0.0, 0.0, 0.0, 0.0, 0.0, 0.0], [0.0, 0.0, 0.0, 0.0, 0.0, 0.0, 0.0, 0.0, 0.0, 0.0, 0.0, 0.0, 0.0, 0.0, 0.0, 0.0, 0.0, 0.0, 0.0, 0.0, 0.0, 0.0, 0.0, 0.0, 0.0, 0.0, 0.0, 0.0, 0.0, 0.0, 35.98403734224701, 24.42809807344937, 54.74718317078545, 42.309484286010566, 7.6402954577923765, 43.19632918905767, 35.25582670029435, 50.9374879238817, 22.648682001021562, 19.51034117888414, 60.0, 28.507031060250554, 47.280164124171876, 45.82333964285082, 13.459577248967083, 41.296458451373056, 48.02978593731764, 53.693534980765385, 49.65238935890719, 12.661491065857925, 0.0, 0.0, 0.0, 0.0, 0.0, 0.0, 0.0, 0.0, 0.0, 0.0, 0.0, 0.0, 0.0, 0.0, 0.0, 0.0, 0.0, 0.0, 0.0, 0.0, 0.0, 0.0, 0.0, 0.0, 0.0, 0.0, 0.0, 0.0, 0.0, 0.0], [0.0, 0.0, 0.0, 0.0, 0.0, 0.0, 0.0, 0.0, 0.0, 0.0, 0.0, 0.0, 0.0, 0.0, 0.0, 0.0, 0.0, 0.0, 0.0, 0.0, 0.0, 0.0, 0.0, 0.0, 0.0, 0.0, 0.0, 0.0, 0.0, 0.0, 35.98403734224701, 24.42809807344937, 54.74718317078545, 42.309484286010566, 7.6402954577923765, 43.19632918905767, 35.25582670029435, 50.9374879238817, 22.648682001021562, 19.51034117888414, 60.0, 28.507031060250554, 47.280164124171876, 45.82333964285082, 13.459577248967083, 41.296458451373056, 48.02978593731764, 53.693534980765385, 49.65238935890719, 12.661491065857925, 0.0, 0.0, 0.0, 0.0, 0.0, 0.0, 0.0, 0.0, 0.0, 0.0, 0.0, 0.0, 0.0, 0.0, 0.0, 0.0, 0.0, 0.0, 0.0, 0.0, 0.0, 0.0, 0.0, 0.0, 0.0, 0.0, 0.0, 0.0, 0.0, 0.0], [0.0, 0.0, 0.0, 0.0, 0.0, 0.0, 0.0, 0.0, 0.0, 0.0, 0.0, 0.0, 0.0, 0.0, 0.0, 0.0, 0.0, 0.0, 0.0, 0.0, 0.0, 0.0, 0.0, 0.0, 0.0, 0.0, 0.0, 0.0, 0.0, 0.0, 35.98403734224701, 24.42809807344937, 54.74718317078545, 42.309484286010566, 7.6402954577923765, 43.19632918905767, 35.25582670029435, 50.9374879238817, 22.648682001021562, 19.51034117888414, 60.0, 28.507031060250554, 47.280164124171876, 45.82333964285082, 13.459577248967083, 41.296458451373056, 48.02978593731764, 53.693534980765385, 49.65238935890719, 12.661491065857925, 0.0, 0.0, 0.0, 0.0, 0.0, 0.0, 0.0, 0.0, 0.0, 0.0, 0.0, 0.0, 0.0, 0.0, 0.0, 0.0, 0.0, 0.0, 0.0, 0.0, 0.0, 0.0, 0.0, 0.0, 0.0, 0.0, 0.0, 0.0, 0.0, 0.0], [0.0, 0.0, 0.0, 0.0, 0.0, 0.0, 0.0, 0.0, 0.0, 0.0, 0.0, 0.0, 0.0, 0.0, 0.0, 0.0, 0.0, 0.0, 0.0, 0.0, 0.0, 0.0, 0.0, 0.0, 0.0, 0.0, 0.0, 0.0, 0.0, 0.0, 35.98403734224701, 24.42809807344937, 54.74718317078545, 42.309484286010566, 7.6402954577923765, 43.19632918905767, 35.25582670029435, 50.9374879238817, 22.648682001021562, 19.51034117888414, 60.0, 28.507031060250554, 47.280164124171876, 45.82333964285082, 13.459577248967083, 41.296458451373056, 48.02978593731764, 53.693534980765385, 49.65238935890719, 12.661491065857925, 0.0, 0.0, 0.0, 0.0, 0.0, 0.0, 0.0, 0.0, 0.0, 0.0, 0.0, 0.0, 0.0, 0.0, 0.0, 0.0, 0.0, 0.0, 0.0, 0.0, 0.0, 0.0, 0.0, 0.0, 0.0, 0.0, 0.0, 0.0, 0.0, 0.0], [0.0, 0.0, 0.0, 0.0, 0.0, 0.0, 0.0, 0.0, 0.0, 0.0, 0.0, 0.0, 0.0, 0.0, 0.0, 0.0, 0.0, 0.0, 0.0, 0.0, 0.0, 0.0, 0.0, 0.0, 0.0, 0.0, 0.0, 0.0, 0.0, 0.0, 35.98403734224701, 24.42809807344937, 54.74718317078545, 42.309484286010566, 7.6402954577923765, 43.19632918905767, 35.25582670029435, 50.9374879238817, 22.648682001021562, 19.51034117888414, 60.0, 28.507031060250554, 47.280164124171876, 45.82333964285082, 13.459577248967083, 41.296458451373056, 48.02978593731764, 53.693534980765385, 49.65238935890719, 12.661491065857925, 0.0, 0.0, 0.0, 0.0, 0.0, 0.0, 0.0, 0.0, 0.0, 0.0, 0.0, 0.0, 0.0, 0.0, 0.0, 0.0, 0.0, 0.0, 0.0, 0.0, 0.0, 0.0, 0.0, 0.0, 0.0, 0.0, 0.0, 0.0, 0.0, 0.0], [0.0, 0.0, 0.0, 0.0, 0.0, 0.0, 0.0, 0.0, 0.0, 0.0, 0.0, 0.0, 0.0, 0.0, 0.0, 0.0, 0.0, 0.0, 0.0, 0.0, 0.0, 0.0, 0.0, 0.0, 0.0, 0.0, 0.0, 0.0, 0.0, 0.0, 35.98403734224701, 24.42809807344937, 54.74718317078545, 42.309484286010566, 7.6402954577923765, 43.19632918905767, 35.25582670029435, 50.9374879238817, 22.648682001021562, 19.51034117888414, 60.0, 28.507031060250554, 47.280164124171876, 45.82333964285082, 13.459577248967083, 41.296458451373056, 48.02978593731764, 53.693534980765385, 49.65238935890719, 12.661491065857925, 0.0, 0.0, 0.0, 0.0, 0.0, 0.0, 0.0, 0.0, 0.0, 0.0, 0.0, 0.0, 0.0, 0.0, 0.0, 0.0, 0.0, 0.0, 0.0, 0.0, 0.0, 0.0, 0.0, 0.0, 0.0, 0.0, 0.0, 0.0, 0.0, 0.0], [0.0, 0.0, 0.0, 0.0, 0.0, 0.0, 0.0, 0.0, 0.0, 0.0, 0.0, 0.0, 0.0, 0.0, 0.0, 0.0, 0.0, 0.0, 0.0, 0.0, 0.0, 0.0, 0.0, 0.0, 0.0, 0.0, 0.0, 0.0, 0.0, 0.0, 35.98403734224701, 24.42809807344937, 54.74718317078545, 42.309484286010566, 7.6402954577923765, 43.19632918905767, 35.25582670029435, 50.9374879238817, 22.648682001021562, 19.51034117888414, 60.0, 28.507031060250554, 47.280164124171876, 45.82333964285082, 13.459577248967083, 41.296458451373056, 48.02978593731764, 53.693534980765385, 49.65238935890719, 12.661491065857925, 0.0, 0.0, 0.0, 0.0, 0.0, 0.0, 0.0, 0.0, 0.0, 0.0, 0.0, 0.0, 0.0, 0.0, 0.0, 0.0, 0.0, 0.0, 0.0, 0.0, 0.0, 0.0, 0.0, 0.0, 0.0, 0.0, 0.0, 0.0, 0.0, 0.0], [0.0, 0.0, 0.0, 0.0, 0.0, 0.0, 0.0, 0.0, 0.0, 0.0, 0.0, 0.0, 0.0, 0.0, 0.0, 0.0, 0.0, 0.0, 0.0, 0.0, 0.0, 0.0, 0.0, 0.0, 0.0, 0.0, 0.0, 0.0, 0.0, 0.0, 35.98403734224701, 24.42809807344937, 54.74718317078545, 42.309484286010566, 7.6402954577923765, 43.19632918905767, 35.25582670029435, 50.9374879238817, 22.648682001021562, 19.51034117888414, 60.0, 28.507031060250554, 47.280164124171876, 45.82333964285082, 13.459577248967083, 41.296458451373056, 48.02978593731764, 53.693534980765385, 49.65238935890719, 12.661491065857925, 0.0, 0.0, 0.0, 0.0, 0.0, 0.0, 0.0, 0.0, 0.0, 0.0, 0.0, 0.0, 0.0, 0.0, 0.0, 0.0, 0.0, 0.0, 0.0, 0.0, 0.0, 0.0, 0.0, 0.0, 0.0, 0.0, 0.0, 0.0, 0.0, 0.0], [0.0, 0.0, 0.0, 0.0, 0.0, 0.0, 0.0, 0.0, 0.0, 0.0, 0.0, 0.0, 0.0, 0.0, 0.0, 0.0, 0.0, 0.0, 0.0, 0.0, 0.0, 0.0, 0.0, 0.0, 0.0, 0.0, 0.0, 0.0, 0.0, 0.0, 35.98403734224701, 24.42809807344937, 54.74718317078545, 42.309484286010566, 7.6402954577923765, 43.19632918905767, 35.25582670029435, 50.9374879238817, 22.648682001021562, 19.51034117888414, 60.0, 28.507031060250554, 47.280164124171876, 45.82333964285082, 13.459577248967083, 41.296458451373056, 48.02978593731764, 53.693534980765385, 49.65238935890719, 12.661491065857925, 0.0, 0.0, 0.0, 0.0, 0.0, 0.0, 0.0, 0.0, 0.0, 0.0, 0.0, 0.0, 0.0, 0.0, 0.0, 0.0, 0.0, 0.0, 0.0, 0.0, 0.0, 0.0, 0.0, 0.0, 0.0, 0.0, 0.0, 0.0, 0.0, 0.0], [0.0, 0.0, 0.0, 0.0, 0.0, 0.0, 0.0, 0.0, 0.0, 0.0, 0.0, 0.0, 0.0, 0.0, 0.0, 0.0, 0.0, 0.0, 0.0, 0.0, 0.0, 0.0, 0.0, 0.0, 0.0, 0.0, 0.0, 0.0, 0.0, 0.0, 35.98403734224701, 24.42809807344937, 54.74718317078545, 42.309484286010566, 7.6402954577923765, 43.19632918905767, 35.25582670029435, 50.9374879238817, 22.648682001021562, 19.51034117888414, 60.0, 28.507031060250554, 47.280164124171876, 45.82333964285082, 13.459577248967083, 41.296458451373056, 48.02978593731764, 53.693534980765385, 49.65238935890719, 12.661491065857925, 0.0, 0.0, 0.0, 0.0, 0.0, 0.0, 0.0, 0.0, 0.0, 0.0, 0.0, 0.0, 0.0, 0.0, 0.0, 0.0, 0.0, 0.0, 0.0, 0.0, 0.0, 0.0, 0.0, 0.0, 0.0, 0.0, 0.0, 0.0, 0.0, 0.0], [0.0, 0.0, 0.0, 0.0, 0.0, 0.0, 0.0, 0.0, 0.0, 0.0, 0.0, 0.0, 0.0, 0.0, 0.0, 0.0, 0.0, 0.0, 0.0, 0.0, 0.0, 0.0, 0.0, 0.0, 0.0, 0.0, 0.0, 0.0, 0.0, 0.0, 35.98403734224701, 24.42809807344937, 54.74718317078545, 42.309484286010566, 7.6402954577923765, 43.19632918905767, 35.25582670029435, 50.9374879238817, 22.648682001021562, 19.51034117888414, 60.0, 28.507031060250554, 47.280164124171876, 45.82333964285082, 13.459577248967083, 41.296458451373056, 48.02978593731764, 53.693534980765385, 49.65238935890719, 12.661491065857925, 0.0, 0.0, 0.0, 0.0, 0.0, 0.0, 0.0, 0.0, 0.0, 0.0, 0.0, 0.0, 0.0, 0.0, 0.0, 0.0, 0.0, 0.0, 0.0, 0.0, 0.0, 0.0, 0.0, 0.0, 0.0, 0.0, 0.0, 0.0, 0.0, 0.0], [0.0, 0.0, 0.0, 0.0, 0.0, 0.0, 0.0, 0.0, 0.0, 0.0, 0.0, 0.0, 0.0, 0.0, 0.0, 0.0, 0.0, 0.0, 0.0, 0.0, 0.0, 0.0, 0.0, 0.0, 0.0, 0.0, 0.0, 0.0, 0.0, 0.0, 35.98403734224701, 24.42809807344937, 54.74718317078545, 42.309484286010566, 7.6402954577923765, 43.19632918905767, 35.25582670029435, 50.9374879238817, 22.648682001021562, 19.51034117888414, 60.0, 28.507031060250554, 47.280164124171876, 45.82333964285082, 13.459577248967083, 41.296458451373056, 48.02978593731764, 53.693534980765385, 49.65238935890719, 12.661491065857925, 0.0, 0.0, 0.0, 0.0, 0.0, 0.0, 0.0, 0.0, 0.0, 0.0, 0.0, 0.0, 0.0, 0.0, 0.0, 0.0, 0.0, 0.0, 0.0, 0.0, 0.0, 0.0, 0.0, 0.0, 0.0, 0.0, 0.0, 0.0, 0.0, 0.0], [0.0, 0.0, 0.0, 0.0, 0.0, 0.0, 0.0, 0.0, 0.0, 0.0, 0.0, 0.0, 0.0, 0.0, 0.0, 0.0, 0.0, 0.0, 0.0, 0.0, 0.0, 0.0, 0.0, 0.0, 0.0, 0.0, 0.0, 0.0, 0.0, 0.0, 35.98403734224701, 24.42809807344937, 54.74718317078545, 42.309484286010566, 7.6402954577923765, 43.19632918905767, 35.25582670029435, 50.9374879238817, 22.648682001021562, 19.51034117888414, 60.0, 28.507031060250554, 47.280164124171876, 45.82333964285082, 13.459577248967083, 41.296458451373056, 48.02978593731764, 53.693534980765385, 49.65238935890719, 12.661491065857925, 0.0, 0.0, 0.0, 0.0, 0.0, 0.0, 0.0, 0.0, 0.0, 0.0, 0.0, 0.0, 0.0, 0.0, 0.0, 0.0, 0.0, 0.0, 0.0, 0.0, 0.0, 0.0, 0.0, 0.0, 0.0, 0.0, 0.0, 0.0, 0.0, 0.0], [0.0, 0.0, 0.0, 0.0, 0.0, 0.0, 0.0, 0.0, 0.0, 0.0, 0.0, 0.0, 0.0, 0.0, 0.0, 0.0, 0.0, 0.0, 0.0, 0.0, 0.0, 0.0, 0.0, 0.0, 0.0, 0.0, 0.0, 0.0, 0.0, 0.0, 35.98403734224701, 24.42809807344937, 54.74718317078545, 42.309484286010566, 7.6402954577923765, 43.19632918905767, 35.25582670029435, 50.9374879238817, 22.648682001021562, 19.51034117888414, 60.0, 28.507031060250554, 47.280164124171876, 45.82333964285082, 13.459577248967083, 41.296458451373056, 48.02978593731764, 53.693534980765385, 49.65238935890719, 12.661491065857925, 0.0, 0.0, 0.0, 0.0, 0.0, 0.0, 0.0, 0.0, 0.0, 0.0, 0.0, 0.0, 0.0, 0.0, 0.0, 0.0, 0.0, 0.0, 0.0, 0.0, 0.0, 0.0, 0.0, 0.0, 0.0, 0.0, 0.0, 0.0, 0.0, 0.0]];
