M = 99999999.0;
numWorkers = 30;
numRoles = 5;
numNodes = 80;
wStart = [0, 0, 0, 0, 0, 0, 0, 0, 0, 0, 0, 0, 0, 0, 0, 0, 0, 0, 0, 0, 0, 0, 0, 0, 0, 0, 0, 0, 0, 0, 120, 30, 90, 90, 60, 30, 240, 90, 60, 180, 90, 120, 60, 180, 90, 180, 120, 30, 30, 300, 480, 480, 480, 480, 480, 480, 480, 480, 480, 480, 480, 480, 480, 480, 480, 480, 480, 480, 480, 480, 480, 480, 480, 480, 480, 480, 480, 480, 480, 480];
wEnd = [0, 0, 0, 0, 0, 0, 0, 0, 0, 0, 0, 0, 0, 0, 0, 0, 0, 0, 0, 0, 0, 0, 0, 0, 0, 0, 0, 0, 0, 0, 330, 420, 360, 360, 300, 360, 450, 420, 450, 420, 330, 180, 450, 420, 450, 210, 360, 360, 360, 330, 480, 480, 480, 480, 480, 480, 480, 480, 480, 480, 480, 480, 480, 480, 480, 480, 480, 480, 480, 480, 480, 480, 480, 480, 480, 480, 480, 480, 480, 480];
p = [0, 0, 0, 0, 0, 0, 0, 0, 0, 0, 0, 0, 0, 0, 0, 0, 0, 0, 0, 0, 0, 0, 0, 0, 0, 0, 0, 0, 0, 0, 49.14227132608542, 25.651221794705073, 61.338116120292185, 26.751229578141228, 55.88604188391358, 22.156027121098305, 21.811284749318233, 44.07788427087458, 19.796527410385515, 42.31160877769619, 42.22259283667882, 55.13322468941865, 71.9012343016933, 74.46031669862103, 61.660653549961495, 24.15361517974888, 67.02697581032004, 59.368970995571914, 53.54479006873828, 34.265449197810625, 0, 0, 0, 0, 0, 0, 0, 0, 0, 0, 0, 0, 0, 0, 0, 0, 0, 0, 0, 0, 0, 0, 0, 0, 0, 0, 0, 0, 0, 0];
e = [[1, 1, 0, 0, 0], [1, 1, 0, 0, 0], [0, 1, 1, 0, 0], [1, 0, 1, 0, 0], [1, 0, 1, 0, 0], [0, 1, 0, 0, 1], [0, 0, 0, 0, 1], [0, 0, 0, 0, 1], [0, 0, 0, 1, 0], [0, 1, 0, 0, 0], [0, 0, 0, 1, 0], [0, 0, 0, 1, 0], [1, 0, 0, 0, 0], [0, 0, 0, 0, 1], [0, 0, 1, 0, 0], [0, 0, 0, 0, 1], [0, 0, 0, 1, 0], [0, 1, 0, 0, 0], [0, 0, 1, 0, 0], [0, 0, 0, 1, 0], [1, 0, 0, 0, 0], [1, 0, 0, 0, 0], [1, 0, 0, 0, 0], [0, 1, 0, 0, 0], [1, 0, 0, 0, 0], [0, 1, 0, 0, 0], [0, 1, 0, 0, 0], [0, 0, 0, 0, 1], [0, 0, 1, 0, 0], [0, 0, 0, 1, 0]];
d = [[1, 1, 0, 0, 0, 0, 0, 0, 0, 0, 0, 0, 0, 0, 0, 0, 1, 1, 0, 0], [0, 0, 1, 1, 1, 1, 1, 1, 1, 1, 1, 1, 1, 1, 1, 1, 0, 0, 1, 1], [0, 0, 1, 0, 0, 1, 1, 1, 1, 1, 1, 1, 1, 1, 1, 0, 0, 0, 1, 1], [2, 2, 1, 1, 1, 1, 0, 1, 1, 1, 1, 1, 0, 0, 0, 1, 2, 2, 1, 1], [2, 2, 1, 3, 3, 1, 1, 0, 0, 1, 0, 0, 1, 1, 1, 3, 2, 2, 0, 1]];
r = [758, 1824, 1083, 3158, 2130, 1455, 2212, 3068, 2781, 1998, 1522, 991, 1446, 4546, 3162, 4508, 665, 1533, 1197, 819];
g = [[0, 0, 0, 0, 0, 0, 0, 0, 0, 0, 0, 0, 0, 0, 0, 0, 0, 0, 0, 0], [0, 0, 0, 0, 0, 0, 0, 0, 0, 0, 0, 0, 0, 0, 0, 0, 0, 0, 0, 0], [0, 0, 0, 0, 0, 0, 0, 0, 0, 0, 0, 0, 0, 0, 0, 0, 0, 0, 0, 0], [0, 0, 0, 0, 0, 0, 0, 0, 0, 0, 0, 0, 0, 0, 0, 0, 0, 0, 0, 0], [0, 0, 0, 0, 0, 0, 0, 0, 0, 0, 0, 0, 0, 0, 0, 0, 0, 0, 0, 0], [0, 0, 0, 0, 0, 0, 0, 0, 0, 0, 0, 0, 0, 0, 0, 0, 0, 0, 0, 0], [0, 0, 0, 0, 0, 0, 0, 0, 0, 0, 0, 0, 0, 0, 0, 0, 0, 0, 0, 0], [0, 0, 0, 0, 0, 0, 0, 0, 0, 0, 0, 0, 0, 0, 0, 0, 0, 0, 0, 0], [0, 0, 0, 0, 0, 0, 0, 0, 0, 0, 0, 0, 0, 0, 0, 0, 0, 0, 0, 0], [0, 0, 0, 0, 0, 0, 0, 0, 0, 0, 0, 0, 0, 0, 0, 0, 0, 0, 0, 0], [0, 0, 0, 0, 0, 0, 0, 0, 0, 0, 0, 0, 0, 0, 0, 0, 0, 0, 0, 0], [0, 0, 0, 0, 0, 0, 0, 0, 0, 0, 0, 0, 0, 0, 0, 0, 0, 0, 0, 0], [0, 0, 0, 0, 0, 0, 0, 0, 0, 0, 0, 0, 0, 0, 0, 0, 0, 0, 0, 0], [0, 0, 0, 0, 0, 0, 0, 0, 0, 0, 0, 0, 0, 0, 0, 0, 0, 0, 0, 0], [0, 0, 0, 0, 0, 0, 0, 0, 0, 0, 0, 0, 0, 0, 0, 0, 0, 0, 0, 0], [0, 0, 0, 0, 0, 0, 0, 0, 0, 0, 0, 0, 0, 0, 0, 0, 0, 0, 0, 0], [0, 0, 0, 0, 0, 0, 0, 0, 0, 0, 0, 0, 0, 0, 0, 0, 0, 0, 0, 0], [0, 0, 0, 0, 0, 0, 0, 0, 0, 0, 0, 0, 0, 0, 0, 0, 0, 0, 0, 0], [0, 0, 0, 0, 0, 0, 0, 0, 0, 0, 0, 0, 0, 0, 0, 0, 0, 0, 0, 0], [0, 0, 0, 0, 0, 0, 0, 0, 0, 0, 0, 0, 0, 0, 0, 0, 0, 0, 0, 0]];
t = [[0.0, 0.0, 0.0, 0.0, 0.0, 0.0, 0.0, 0.0, 0.0, 0.0, 0.0, 0.0, 0.0, 0.0, 0.0, 0.0, 0.0, 0.0, 0.0, 0.0, 0.0, 0.0, 0.0, 0.0, 0.0, 0.0, 0.0, 0.0, 0.0, 0.0, 43.51874695973881, 35.979489162253614, 55.96499407526136, 36.357659127342934, 10.925223125947875, 36.99153383628101, 36.926055558497964, 11.586671900912572, 32.03464239374802, 15.297799935991238, 42.91570496772274, 48.5402179137426, 37.2256412563644, 9.487497802948251, 47.627216144535126, 18.535716139110587, 15.178169177963358, 6.482884967195478, 18.711381970154694, 27.01556201534243, 0.0, 0.0, 0.0, 0.0, 0.0, 0.0, 0.0, 0.0, 0.0, 0.0, 0.0, 0.0, 0.0, 0.0, 0.0, 0.0, 0.0, 0.0, 0.0, 0.0, 0.0, 0.0, 0.0, 0.0, 0.0, 0.0, 0.0, 0.0, 0.0, 0.0], [0.0, 0.0, 0.0, 0.0, 0.0, 0.0, 0.0, 0.0, 0.0, 0.0, 0.0, 0.0, 0.0, 0.0, 0.0, 0.0, 0.0, 0.0, 0.0, 0.0, 0.0, 0.0, 0.0, 0.0, 0.0, 0.0, 0.0, 0.0, 0.0, 0.0, 43.51874695973881, 35.979489162253614, 55.96499407526136, 36.357659127342934, 10.925223125947875, 36.99153383628101, 36.926055558497964, 11.586671900912572, 32.03464239374802, 15.297799935991238, 42.91570496772274, 48.5402179137426, 37.2256412563644, 9.487497802948251, 47.627216144535126, 18.535716139110587, 15.178169177963358, 6.482884967195478, 18.711381970154694, 27.01556201534243, 0.0, 0.0, 0.0, 0.0, 0.0, 0.0, 0.0, 0.0, 0.0, 0.0, 0.0, 0.0, 0.0, 0.0, 0.0, 0.0, 0.0, 0.0, 0.0, 0.0, 0.0, 0.0, 0.0, 0.0, 0.0, 0.0, 0.0, 0.0, 0.0, 0.0], [0.0, 0.0, 0.0, 0.0, 0.0, 0.0, 0.0, 0.0, 0.0, 0.0, 0.0, 0.0, 0.0, 0.0, 0.0, 0.0, 0.0, 0.0, 0.0, 0.0, 0.0, 0.0, 0.0, 0.0, 0.0, 0.0, 0.0, 0.0, 0.0, 0.0, 43.51874695973881, 35.979489162253614, 55.96499407526136, 36.357659127342934, 10.925223125947875, 36.99153383628101, 36.926055558497964, 11.586671900912572, 32.03464239374802, 15.297799935991238, 42.91570496772274, 48.5402179137426, 37.2256412563644, 9.487497802948251, 47.627216144535126, 18.535716139110587, 15.178169177963358, 6.482884967195478, 18.711381970154694, 27.01556201534243, 0.0, 0.0, 0.0, 0.0, 0.0, 0.0, 0.0, 0.0, 0.0, 0.0, 0.0, 0.0, 0.0, 0.0, 0.0, 0.0, 0.0, 0.0, 0.0, 0.0, 0.0, 0.0, 0.0, 0.0, 0.0, 0.0, 0.0, 0.0, 0.0, 0.0], [0.0, 0.0, 0.0, 0.0, 0.0, 0.0, 0.0, 0.0, 0.0, 0.0, 0.0, 0.0, 0.0, 0.0, 0.0, 0.0, 0.0, 0.0, 0.0, 0.0, 0.0, 0.0, 0.0, 0.0, 0.0, 0.0, 0.0, 0.0, 0.0, 0.0, 43.51874695973881, 35.979489162253614, 55.96499407526136, 36.357659127342934, 10.925223125947875, 36.99153383628101, 36.926055558497964, 11.586671900912572, 32.03464239374802, 15.297799935991238, 42.91570496772274, 48.5402179137426, 37.2256412563644, 9.487497802948251, 47.627216144535126, 18.535716139110587, 15.178169177963358, 6.482884967195478, 18.711381970154694, 27.01556201534243, 0.0, 0.0, 0.0, 0.0, 0.0, 0.0, 0.0, 0.0, 0.0, 0.0, 0.0, 0.0, 0.0, 0.0, 0.0, 0.0, 0.0, 0.0, 0.0, 0.0, 0.0, 0.0, 0.0, 0.0, 0.0, 0.0, 0.0, 0.0, 0.0, 0.0], [0.0, 0.0, 0.0, 0.0, 0.0, 0.0, 0.0, 0.0, 0.0, 0.0, 0.0, 0.0, 0.0, 0.0, 0.0, 0.0, 0.0, 0.0, 0.0, 0.0, 0.0, 0.0, 0.0, 0.0, 0.0, 0.0, 0.0, 0.0, 0.0, 0.0, 43.51874695973881, 35.979489162253614, 55.96499407526136, 36.357659127342934, 10.925223125947875, 36.99153383628101, 36.926055558497964, 11.586671900912572, 32.03464239374802, 15.297799935991238, 42.91570496772274, 48.5402179137426, 37.2256412563644, 9.487497802948251, 47.627216144535126, 18.535716139110587, 15.178169177963358, 6.482884967195478, 18.711381970154694, 27.01556201534243, 0.0, 0.0, 0.0, 0.0, 0.0, 0.0, 0.0, 0.0, 0.0, 0.0, 0.0, 0.0, 0.0, 0.0, 0.0, 0.0, 0.0, 0.0, 0.0, 0.0, 0.0, 0.0, 0.0, 0.0, 0.0, 0.0, 0.0, 0.0, 0.0, 0.0], [0.0, 0.0, 0.0, 0.0, 0.0, 0.0, 0.0, 0.0, 0.0, 0.0, 0.0, 0.0, 0.0, 0.0, 0.0, 0.0, 0.0, 0.0, 0.0, 0.0, 0.0, 0.0, 0.0, 0.0, 0.0, 0.0, 0.0, 0.0, 0.0, 0.0, 43.51874695973881, 35.979489162253614, 55.96499407526136, 36.357659127342934, 10.925223125947875, 36.99153383628101, 36.926055558497964, 11.586671900912572, 32.03464239374802, 15.297799935991238, 42.91570496772274, 48.5402179137426, 37.2256412563644, 9.487497802948251, 47.627216144535126, 18.535716139110587, 15.178169177963358, 6.482884967195478, 18.711381970154694, 27.01556201534243, 0.0, 0.0, 0.0, 0.0, 0.0, 0.0, 0.0, 0.0, 0.0, 0.0, 0.0, 0.0, 0.0, 0.0, 0.0, 0.0, 0.0, 0.0, 0.0, 0.0, 0.0, 0.0, 0.0, 0.0, 0.0, 0.0, 0.0, 0.0, 0.0, 0.0], [0.0, 0.0, 0.0, 0.0, 0.0, 0.0, 0.0, 0.0, 0.0, 0.0, 0.0, 0.0, 0.0, 0.0, 0.0, 0.0, 0.0, 0.0, 0.0, 0.0, 0.0, 0.0, 0.0, 0.0, 0.0, 0.0, 0.0, 0.0, 0.0, 0.0, 43.51874695973881, 35.979489162253614, 55.96499407526136, 36.357659127342934, 10.925223125947875, 36.99153383628101, 36.926055558497964, 11.586671900912572, 32.03464239374802, 15.297799935991238, 42.91570496772274, 48.5402179137426, 37.2256412563644, 9.487497802948251, 47.627216144535126, 18.535716139110587, 15.178169177963358, 6.482884967195478, 18.711381970154694, 27.01556201534243, 0.0, 0.0, 0.0, 0.0, 0.0, 0.0, 0.0, 0.0, 0.0, 0.0, 0.0, 0.0, 0.0, 0.0, 0.0, 0.0, 0.0, 0.0, 0.0, 0.0, 0.0, 0.0, 0.0, 0.0, 0.0, 0.0, 0.0, 0.0, 0.0, 0.0], [0.0, 0.0, 0.0, 0.0, 0.0, 0.0, 0.0, 0.0, 0.0, 0.0, 0.0, 0.0, 0.0, 0.0, 0.0, 0.0, 0.0, 0.0, 0.0, 0.0, 0.0, 0.0, 0.0, 0.0, 0.0, 0.0, 0.0, 0.0, 0.0, 0.0, 43.51874695973881, 35.979489162253614, 55.96499407526136, 36.357659127342934, 10.925223125947875, 36.99153383628101, 36.926055558497964, 11.586671900912572, 32.03464239374802, 15.297799935991238, 42.91570496772274, 48.5402179137426, 37.2256412563644, 9.487497802948251, 47.627216144535126, 18.535716139110587, 15.178169177963358, 6.482884967195478, 18.711381970154694, 27.01556201534243, 0.0, 0.0, 0.0, 0.0, 0.0, 0.0, 0.0, 0.0, 0.0, 0.0, 0.0, 0.0, 0.0, 0.0, 0.0, 0.0, 0.0, 0.0, 0.0, 0.0, 0.0, 0.0, 0.0, 0.0, 0.0, 0.0, 0.0, 0.0, 0.0, 0.0], [0.0, 0.0, 0.0, 0.0, 0.0, 0.0, 0.0, 0.0, 0.0, 0.0, 0.0, 0.0, 0.0, 0.0, 0.0, 0.0, 0.0, 0.0, 0.0, 0.0, 0.0, 0.0, 0.0, 0.0, 0.0, 0.0, 0.0, 0.0, 0.0, 0.0, 43.51874695973881, 35.979489162253614, 55.96499407526136, 36.357659127342934, 10.925223125947875, 36.99153383628101, 36.926055558497964, 11.586671900912572, 32.03464239374802, 15.297799935991238, 42.91570496772274, 48.5402179137426, 37.2256412563644, 9.487497802948251, 47.627216144535126, 18.535716139110587, 15.178169177963358, 6.482884967195478, 18.711381970154694, 27.01556201534243, 0.0, 0.0, 0.0, 0.0, 0.0, 0.0, 0.0, 0.0, 0.0, 0.0, 0.0, 0.0, 0.0, 0.0, 0.0, 0.0, 0.0, 0.0, 0.0, 0.0, 0.0, 0.0, 0.0, 0.0, 0.0, 0.0, 0.0, 0.0, 0.0, 0.0], [0.0, 0.0, 0.0, 0.0, 0.0, 0.0, 0.0, 0.0, 0.0, 0.0, 0.0, 0.0, 0.0, 0.0, 0.0, 0.0, 0.0, 0.0, 0.0, 0.0, 0.0, 0.0, 0.0, 0.0, 0.0, 0.0, 0.0, 0.0, 0.0, 0.0, 43.51874695973881, 35.979489162253614, 55.96499407526136, 36.357659127342934, 10.925223125947875, 36.99153383628101, 36.926055558497964, 11.586671900912572, 32.03464239374802, 15.297799935991238, 42.91570496772274, 48.5402179137426, 37.2256412563644, 9.487497802948251, 47.627216144535126, 18.535716139110587, 15.178169177963358, 6.482884967195478, 18.711381970154694, 27.01556201534243, 0.0, 0.0, 0.0, 0.0, 0.0, 0.0, 0.0, 0.0, 0.0, 0.0, 0.0, 0.0, 0.0, 0.0, 0.0, 0.0, 0.0, 0.0, 0.0, 0.0, 0.0, 0.0, 0.0, 0.0, 0.0, 0.0, 0.0, 0.0, 0.0, 0.0], [0.0, 0.0, 0.0, 0.0, 0.0, 0.0, 0.0, 0.0, 0.0, 0.0, 0.0, 0.0, 0.0, 0.0, 0.0, 0.0, 0.0, 0.0, 0.0, 0.0, 0.0, 0.0, 0.0, 0.0, 0.0, 0.0, 0.0, 0.0, 0.0, 0.0, 43.51874695973881, 35.979489162253614, 55.96499407526136, 36.357659127342934, 10.925223125947875, 36.99153383628101, 36.926055558497964, 11.586671900912572, 32.03464239374802, 15.297799935991238, 42.91570496772274, 48.5402179137426, 37.2256412563644, 9.487497802948251, 47.627216144535126, 18.535716139110587, 15.178169177963358, 6.482884967195478, 18.711381970154694, 27.01556201534243, 0.0, 0.0, 0.0, 0.0, 0.0, 0.0, 0.0, 0.0, 0.0, 0.0, 0.0, 0.0, 0.0, 0.0, 0.0, 0.0, 0.0, 0.0, 0.0, 0.0, 0.0, 0.0, 0.0, 0.0, 0.0, 0.0, 0.0, 0.0, 0.0, 0.0], [0.0, 0.0, 0.0, 0.0, 0.0, 0.0, 0.0, 0.0, 0.0, 0.0, 0.0, 0.0, 0.0, 0.0, 0.0, 0.0, 0.0, 0.0, 0.0, 0.0, 0.0, 0.0, 0.0, 0.0, 0.0, 0.0, 0.0, 0.0, 0.0, 0.0, 43.51874695973881, 35.979489162253614, 55.96499407526136, 36.357659127342934, 10.925223125947875, 36.99153383628101, 36.926055558497964, 11.586671900912572, 32.03464239374802, 15.297799935991238, 42.91570496772274, 48.5402179137426, 37.2256412563644, 9.487497802948251, 47.627216144535126, 18.535716139110587, 15.178169177963358, 6.482884967195478, 18.711381970154694, 27.01556201534243, 0.0, 0.0, 0.0, 0.0, 0.0, 0.0, 0.0, 0.0, 0.0, 0.0, 0.0, 0.0, 0.0, 0.0, 0.0, 0.0, 0.0, 0.0, 0.0, 0.0, 0.0, 0.0, 0.0, 0.0, 0.0, 0.0, 0.0, 0.0, 0.0, 0.0], [0.0, 0.0, 0.0, 0.0, 0.0, 0.0, 0.0, 0.0, 0.0, 0.0, 0.0, 0.0, 0.0, 0.0, 0.0, 0.0, 0.0, 0.0, 0.0, 0.0, 0.0, 0.0, 0.0, 0.0, 0.0, 0.0, 0.0, 0.0, 0.0, 0.0, 43.51874695973881, 35.979489162253614, 55.96499407526136, 36.357659127342934, 10.925223125947875, 36.99153383628101, 36.926055558497964, 11.586671900912572, 32.03464239374802, 15.297799935991238, 42.91570496772274, 48.5402179137426, 37.2256412563644, 9.487497802948251, 47.627216144535126, 18.535716139110587, 15.178169177963358, 6.482884967195478, 18.711381970154694, 27.01556201534243, 0.0, 0.0, 0.0, 0.0, 0.0, 0.0, 0.0, 0.0, 0.0, 0.0, 0.0, 0.0, 0.0, 0.0, 0.0, 0.0, 0.0, 0.0, 0.0, 0.0, 0.0, 0.0, 0.0, 0.0, 0.0, 0.0, 0.0, 0.0, 0.0, 0.0], [0.0, 0.0, 0.0, 0.0, 0.0, 0.0, 0.0, 0.0, 0.0, 0.0, 0.0, 0.0, 0.0, 0.0, 0.0, 0.0, 0.0, 0.0, 0.0, 0.0, 0.0, 0.0, 0.0, 0.0, 0.0, 0.0, 0.0, 0.0, 0.0, 0.0, 43.51874695973881, 35.979489162253614, 55.96499407526136, 36.357659127342934, 10.925223125947875, 36.99153383628101, 36.926055558497964, 11.586671900912572, 32.03464239374802, 15.297799935991238, 42.91570496772274, 48.5402179137426, 37.2256412563644, 9.487497802948251, 47.627216144535126, 18.535716139110587, 15.178169177963358, 6.482884967195478, 18.711381970154694, 27.01556201534243, 0.0, 0.0, 0.0, 0.0, 0.0, 0.0, 0.0, 0.0, 0.0, 0.0, 0.0, 0.0, 0.0, 0.0, 0.0, 0.0, 0.0, 0.0, 0.0, 0.0, 0.0, 0.0, 0.0, 0.0, 0.0, 0.0, 0.0, 0.0, 0.0, 0.0], [0.0, 0.0, 0.0, 0.0, 0.0, 0.0, 0.0, 0.0, 0.0, 0.0, 0.0, 0.0, 0.0, 0.0, 0.0, 0.0, 0.0, 0.0, 0.0, 0.0, 0.0, 0.0, 0.0, 0.0, 0.0, 0.0, 0.0, 0.0, 0.0, 0.0, 43.51874695973881, 35.979489162253614, 55.96499407526136, 36.357659127342934, 10.925223125947875, 36.99153383628101, 36.926055558497964, 11.586671900912572, 32.03464239374802, 15.297799935991238, 42.91570496772274, 48.5402179137426, 37.2256412563644, 9.487497802948251, 47.627216144535126, 18.535716139110587, 15.178169177963358, 6.482884967195478, 18.711381970154694, 27.01556201534243, 0.0, 0.0, 0.0, 0.0, 0.0, 0.0, 0.0, 0.0, 0.0, 0.0, 0.0, 0.0, 0.0, 0.0, 0.0, 0.0, 0.0, 0.0, 0.0, 0.0, 0.0, 0.0, 0.0, 0.0, 0.0, 0.0, 0.0, 0.0, 0.0, 0.0], [0.0, 0.0, 0.0, 0.0, 0.0, 0.0, 0.0, 0.0, 0.0, 0.0, 0.0, 0.0, 0.0, 0.0, 0.0, 0.0, 0.0, 0.0, 0.0, 0.0, 0.0, 0.0, 0.0, 0.0, 0.0, 0.0, 0.0, 0.0, 0.0, 0.0, 43.51874695973881, 35.979489162253614, 55.96499407526136, 36.357659127342934, 10.925223125947875, 36.99153383628101, 36.926055558497964, 11.586671900912572, 32.03464239374802, 15.297799935991238, 42.91570496772274, 48.5402179137426, 37.2256412563644, 9.487497802948251, 47.627216144535126, 18.535716139110587, 15.178169177963358, 6.482884967195478, 18.711381970154694, 27.01556201534243, 0.0, 0.0, 0.0, 0.0, 0.0, 0.0, 0.0, 0.0, 0.0, 0.0, 0.0, 0.0, 0.0, 0.0, 0.0, 0.0, 0.0, 0.0, 0.0, 0.0, 0.0, 0.0, 0.0, 0.0, 0.0, 0.0, 0.0, 0.0, 0.0, 0.0], [0.0, 0.0, 0.0, 0.0, 0.0, 0.0, 0.0, 0.0, 0.0, 0.0, 0.0, 0.0, 0.0, 0.0, 0.0, 0.0, 0.0, 0.0, 0.0, 0.0, 0.0, 0.0, 0.0, 0.0, 0.0, 0.0, 0.0, 0.0, 0.0, 0.0, 43.51874695973881, 35.979489162253614, 55.96499407526136, 36.357659127342934, 10.925223125947875, 36.99153383628101, 36.926055558497964, 11.586671900912572, 32.03464239374802, 15.297799935991238, 42.91570496772274, 48.5402179137426, 37.2256412563644, 9.487497802948251, 47.627216144535126, 18.535716139110587, 15.178169177963358, 6.482884967195478, 18.711381970154694, 27.01556201534243, 0.0, 0.0, 0.0, 0.0, 0.0, 0.0, 0.0, 0.0, 0.0, 0.0, 0.0, 0.0, 0.0, 0.0, 0.0, 0.0, 0.0, 0.0, 0.0, 0.0, 0.0, 0.0, 0.0, 0.0, 0.0, 0.0, 0.0, 0.0, 0.0, 0.0], [0.0, 0.0, 0.0, 0.0, 0.0, 0.0, 0.0, 0.0, 0.0, 0.0, 0.0, 0.0, 0.0, 0.0, 0.0, 0.0, 0.0, 0.0, 0.0, 0.0, 0.0, 0.0, 0.0, 0.0, 0.0, 0.0, 0.0, 0.0, 0.0, 0.0, 43.51874695973881, 35.979489162253614, 55.96499407526136, 36.357659127342934, 10.925223125947875, 36.99153383628101, 36.926055558497964, 11.586671900912572, 32.03464239374802, 15.297799935991238, 42.91570496772274, 48.5402179137426, 37.2256412563644, 9.487497802948251, 47.627216144535126, 18.535716139110587, 15.178169177963358, 6.482884967195478, 18.711381970154694, 27.01556201534243, 0.0, 0.0, 0.0, 0.0, 0.0, 0.0, 0.0, 0.0, 0.0, 0.0, 0.0, 0.0, 0.0, 0.0, 0.0, 0.0, 0.0, 0.0, 0.0, 0.0, 0.0, 0.0, 0.0, 0.0, 0.0, 0.0, 0.0, 0.0, 0.0, 0.0], [0.0, 0.0, 0.0, 0.0, 0.0, 0.0, 0.0, 0.0, 0.0, 0.0, 0.0, 0.0, 0.0, 0.0, 0.0, 0.0, 0.0, 0.0, 0.0, 0.0, 0.0, 0.0, 0.0, 0.0, 0.0, 0.0, 0.0, 0.0, 0.0, 0.0, 43.51874695973881, 35.979489162253614, 55.96499407526136, 36.357659127342934, 10.925223125947875, 36.99153383628101, 36.926055558497964, 11.586671900912572, 32.03464239374802, 15.297799935991238, 42.91570496772274, 48.5402179137426, 37.2256412563644, 9.487497802948251, 47.627216144535126, 18.535716139110587, 15.178169177963358, 6.482884967195478, 18.711381970154694, 27.01556201534243, 0.0, 0.0, 0.0, 0.0, 0.0, 0.0, 0.0, 0.0, 0.0, 0.0, 0.0, 0.0, 0.0, 0.0, 0.0, 0.0, 0.0, 0.0, 0.0, 0.0, 0.0, 0.0, 0.0, 0.0, 0.0, 0.0, 0.0, 0.0, 0.0, 0.0], [0.0, 0.0, 0.0, 0.0, 0.0, 0.0, 0.0, 0.0, 0.0, 0.0, 0.0, 0.0, 0.0, 0.0, 0.0, 0.0, 0.0, 0.0, 0.0, 0.0, 0.0, 0.0, 0.0, 0.0, 0.0, 0.0, 0.0, 0.0, 0.0, 0.0, 43.51874695973881, 35.979489162253614, 55.96499407526136, 36.357659127342934, 10.925223125947875, 36.99153383628101, 36.926055558497964, 11.586671900912572, 32.03464239374802, 15.297799935991238, 42.91570496772274, 48.5402179137426, 37.2256412563644, 9.487497802948251, 47.627216144535126, 18.535716139110587, 15.178169177963358, 6.482884967195478, 18.711381970154694, 27.01556201534243, 0.0, 0.0, 0.0, 0.0, 0.0, 0.0, 0.0, 0.0, 0.0, 0.0, 0.0, 0.0, 0.0, 0.0, 0.0, 0.0, 0.0, 0.0, 0.0, 0.0, 0.0, 0.0, 0.0, 0.0, 0.0, 0.0, 0.0, 0.0, 0.0, 0.0], [0.0, 0.0, 0.0, 0.0, 0.0, 0.0, 0.0, 0.0, 0.0, 0.0, 0.0, 0.0, 0.0, 0.0, 0.0, 0.0, 0.0, 0.0, 0.0, 0.0, 0.0, 0.0, 0.0, 0.0, 0.0, 0.0, 0.0, 0.0, 0.0, 0.0, 43.51874695973881, 35.979489162253614, 55.96499407526136, 36.357659127342934, 10.925223125947875, 36.99153383628101, 36.926055558497964, 11.586671900912572, 32.03464239374802, 15.297799935991238, 42.91570496772274, 48.5402179137426, 37.2256412563644, 9.487497802948251, 47.627216144535126, 18.535716139110587, 15.178169177963358, 6.482884967195478, 18.711381970154694, 27.01556201534243, 0.0, 0.0, 0.0, 0.0, 0.0, 0.0, 0.0, 0.0, 0.0, 0.0, 0.0, 0.0, 0.0, 0.0, 0.0, 0.0, 0.0, 0.0, 0.0, 0.0, 0.0, 0.0, 0.0, 0.0, 0.0, 0.0, 0.0, 0.0, 0.0, 0.0], [0.0, 0.0, 0.0, 0.0, 0.0, 0.0, 0.0, 0.0, 0.0, 0.0, 0.0, 0.0, 0.0, 0.0, 0.0, 0.0, 0.0, 0.0, 0.0, 0.0, 0.0, 0.0, 0.0, 0.0, 0.0, 0.0, 0.0, 0.0, 0.0, 0.0, 43.51874695973881, 35.979489162253614, 55.96499407526136, 36.357659127342934, 10.925223125947875, 36.99153383628101, 36.926055558497964, 11.586671900912572, 32.03464239374802, 15.297799935991238, 42.91570496772274, 48.5402179137426, 37.2256412563644, 9.487497802948251, 47.627216144535126, 18.535716139110587, 15.178169177963358, 6.482884967195478, 18.711381970154694, 27.01556201534243, 0.0, 0.0, 0.0, 0.0, 0.0, 0.0, 0.0, 0.0, 0.0, 0.0, 0.0, 0.0, 0.0, 0.0, 0.0, 0.0, 0.0, 0.0, 0.0, 0.0, 0.0, 0.0, 0.0, 0.0, 0.0, 0.0, 0.0, 0.0, 0.0, 0.0], [0.0, 0.0, 0.0, 0.0, 0.0, 0.0, 0.0, 0.0, 0.0, 0.0, 0.0, 0.0, 0.0, 0.0, 0.0, 0.0, 0.0, 0.0, 0.0, 0.0, 0.0, 0.0, 0.0, 0.0, 0.0, 0.0, 0.0, 0.0, 0.0, 0.0, 43.51874695973881, 35.979489162253614, 55.96499407526136, 36.357659127342934, 10.925223125947875, 36.99153383628101, 36.926055558497964, 11.586671900912572, 32.03464239374802, 15.297799935991238, 42.91570496772274, 48.5402179137426, 37.2256412563644, 9.487497802948251, 47.627216144535126, 18.535716139110587, 15.178169177963358, 6.482884967195478, 18.711381970154694, 27.01556201534243, 0.0, 0.0, 0.0, 0.0, 0.0, 0.0, 0.0, 0.0, 0.0, 0.0, 0.0, 0.0, 0.0, 0.0, 0.0, 0.0, 0.0, 0.0, 0.0, 0.0, 0.0, 0.0, 0.0, 0.0, 0.0, 0.0, 0.0, 0.0, 0.0, 0.0], [0.0, 0.0, 0.0, 0.0, 0.0, 0.0, 0.0, 0.0, 0.0, 0.0, 0.0, 0.0, 0.0, 0.0, 0.0, 0.0, 0.0, 0.0, 0.0, 0.0, 0.0, 0.0, 0.0, 0.0, 0.0, 0.0, 0.0, 0.0, 0.0, 0.0, 43.51874695973881, 35.979489162253614, 55.96499407526136, 36.357659127342934, 10.925223125947875, 36.99153383628101, 36.926055558497964, 11.586671900912572, 32.03464239374802, 15.297799935991238, 42.91570496772274, 48.5402179137426, 37.2256412563644, 9.487497802948251, 47.627216144535126, 18.535716139110587, 15.178169177963358, 6.482884967195478, 18.711381970154694, 27.01556201534243, 0.0, 0.0, 0.0, 0.0, 0.0, 0.0, 0.0, 0.0, 0.0, 0.0, 0.0, 0.0, 0.0, 0.0, 0.0, 0.0, 0.0, 0.0, 0.0, 0.0, 0.0, 0.0, 0.0, 0.0, 0.0, 0.0, 0.0, 0.0, 0.0, 0.0], [0.0, 0.0, 0.0, 0.0, 0.0, 0.0, 0.0, 0.0, 0.0, 0.0, 0.0, 0.0, 0.0, 0.0, 0.0, 0.0, 0.0, 0.0, 0.0, 0.0, 0.0, 0.0, 0.0, 0.0, 0.0, 0.0, 0.0, 0.0, 0.0, 0.0, 43.51874695973881, 35.979489162253614, 55.96499407526136, 36.357659127342934, 10.925223125947875, 36.99153383628101, 36.926055558497964, 11.586671900912572, 32.03464239374802, 15.297799935991238, 42.91570496772274, 48.5402179137426, 37.2256412563644, 9.487497802948251, 47.627216144535126, 18.535716139110587, 15.178169177963358, 6.482884967195478, 18.711381970154694, 27.01556201534243, 0.0, 0.0, 0.0, 0.0, 0.0, 0.0, 0.0, 0.0, 0.0, 0.0, 0.0, 0.0, 0.0, 0.0, 0.0, 0.0, 0.0, 0.0, 0.0, 0.0, 0.0, 0.0, 0.0, 0.0, 0.0, 0.0, 0.0, 0.0, 0.0, 0.0], [0.0, 0.0, 0.0, 0.0, 0.0, 0.0, 0.0, 0.0, 0.0, 0.0, 0.0, 0.0, 0.0, 0.0, 0.0, 0.0, 0.0, 0.0, 0.0, 0.0, 0.0, 0.0, 0.0, 0.0, 0.0, 0.0, 0.0, 0.0, 0.0, 0.0, 43.51874695973881, 35.979489162253614, 55.96499407526136, 36.357659127342934, 10.925223125947875, 36.99153383628101, 36.926055558497964, 11.586671900912572, 32.03464239374802, 15.297799935991238, 42.91570496772274, 48.5402179137426, 37.2256412563644, 9.487497802948251, 47.627216144535126, 18.535716139110587, 15.178169177963358, 6.482884967195478, 18.711381970154694, 27.01556201534243, 0.0, 0.0, 0.0, 0.0, 0.0, 0.0, 0.0, 0.0, 0.0, 0.0, 0.0, 0.0, 0.0, 0.0, 0.0, 0.0, 0.0, 0.0, 0.0, 0.0, 0.0, 0.0, 0.0, 0.0, 0.0, 0.0, 0.0, 0.0, 0.0, 0.0], [0.0, 0.0, 0.0, 0.0, 0.0, 0.0, 0.0, 0.0, 0.0, 0.0, 0.0, 0.0, 0.0, 0.0, 0.0, 0.0, 0.0, 0.0, 0.0, 0.0, 0.0, 0.0, 0.0, 0.0, 0.0, 0.0, 0.0, 0.0, 0.0, 0.0, 43.51874695973881, 35.979489162253614, 55.96499407526136, 36.357659127342934, 10.925223125947875, 36.99153383628101, 36.926055558497964, 11.586671900912572, 32.03464239374802, 15.297799935991238, 42.91570496772274, 48.5402179137426, 37.2256412563644, 9.487497802948251, 47.627216144535126, 18.535716139110587, 15.178169177963358, 6.482884967195478, 18.711381970154694, 27.01556201534243, 0.0, 0.0, 0.0, 0.0, 0.0, 0.0, 0.0, 0.0, 0.0, 0.0, 0.0, 0.0, 0.0, 0.0, 0.0, 0.0, 0.0, 0.0, 0.0, 0.0, 0.0, 0.0, 0.0, 0.0, 0.0, 0.0, 0.0, 0.0, 0.0, 0.0], [0.0, 0.0, 0.0, 0.0, 0.0, 0.0, 0.0, 0.0, 0.0, 0.0, 0.0, 0.0, 0.0, 0.0, 0.0, 0.0, 0.0, 0.0, 0.0, 0.0, 0.0, 0.0, 0.0, 0.0, 0.0, 0.0, 0.0, 0.0, 0.0, 0.0, 43.51874695973881, 35.979489162253614, 55.96499407526136, 36.357659127342934, 10.925223125947875, 36.99153383628101, 36.926055558497964, 11.586671900912572, 32.03464239374802, 15.297799935991238, 42.91570496772274, 48.5402179137426, 37.2256412563644, 9.487497802948251, 47.627216144535126, 18.535716139110587, 15.178169177963358, 6.482884967195478, 18.711381970154694, 27.01556201534243, 0.0, 0.0, 0.0, 0.0, 0.0, 0.0, 0.0, 0.0, 0.0, 0.0, 0.0, 0.0, 0.0, 0.0, 0.0, 0.0, 0.0, 0.0, 0.0, 0.0, 0.0, 0.0, 0.0, 0.0, 0.0, 0.0, 0.0, 0.0, 0.0, 0.0], [0.0, 0.0, 0.0, 0.0, 0.0, 0.0, 0.0, 0.0, 0.0, 0.0, 0.0, 0.0, 0.0, 0.0, 0.0, 0.0, 0.0, 0.0, 0.0, 0.0, 0.0, 0.0, 0.0, 0.0, 0.0, 0.0, 0.0, 0.0, 0.0, 0.0, 43.51874695973881, 35.979489162253614, 55.96499407526136, 36.357659127342934, 10.925223125947875, 36.99153383628101, 36.926055558497964, 11.586671900912572, 32.03464239374802, 15.297799935991238, 42.91570496772274, 48.5402179137426, 37.2256412563644, 9.487497802948251, 47.627216144535126, 18.535716139110587, 15.178169177963358, 6.482884967195478, 18.711381970154694, 27.01556201534243, 0.0, 0.0, 0.0, 0.0, 0.0, 0.0, 0.0, 0.0, 0.0, 0.0, 0.0, 0.0, 0.0, 0.0, 0.0, 0.0, 0.0, 0.0, 0.0, 0.0, 0.0, 0.0, 0.0, 0.0, 0.0, 0.0, 0.0, 0.0, 0.0, 0.0], [0.0, 0.0, 0.0, 0.0, 0.0, 0.0, 0.0, 0.0, 0.0, 0.0, 0.0, 0.0, 0.0, 0.0, 0.0, 0.0, 0.0, 0.0, 0.0, 0.0, 0.0, 0.0, 0.0, 0.0, 0.0, 0.0, 0.0, 0.0, 0.0, 0.0, 43.51874695973881, 35.979489162253614, 55.96499407526136, 36.357659127342934, 10.925223125947875, 36.99153383628101, 36.926055558497964, 11.586671900912572, 32.03464239374802, 15.297799935991238, 42.91570496772274, 48.5402179137426, 37.2256412563644, 9.487497802948251, 47.627216144535126, 18.535716139110587, 15.178169177963358, 6.482884967195478, 18.711381970154694, 27.01556201534243, 0.0, 0.0, 0.0, 0.0, 0.0, 0.0, 0.0, 0.0, 0.0, 0.0, 0.0, 0.0, 0.0, 0.0, 0.0, 0.0, 0.0, 0.0, 0.0, 0.0, 0.0, 0.0, 0.0, 0.0, 0.0, 0.0, 0.0, 0.0, 0.0, 0.0], [43.51874695973881, 43.51874695973881, 43.51874695973881, 43.51874695973881, 43.51874695973881, 43.51874695973881, 43.51874695973881, 43.51874695973881, 43.51874695973881, 43.51874695973881, 43.51874695973881, 43.51874695973881, 43.51874695973881, 43.51874695973881, 43.51874695973881, 43.51874695973881, 43.51874695973881, 43.51874695973881, 43.51874695973881, 43.51874695973881, 43.51874695973881, 43.51874695973881, 43.51874695973881, 43.51874695973881, 43.51874695973881, 43.51874695973881, 43.51874695973881, 43.51874695973881, 43.51874695973881, 43.51874695973881, 0.0, 16.510083685632743, 13.235741769573586, 7.710488853420947, 48.6439259123232, 7.594746853165643, 6.9272473696873895, 38.330942425608356, 23.339839851172382, 39.63782454016725, 6.213953690867741, 9.185642890978684, 18.782126484089602, 40.643685711800636, 4.559769911737179, 34.853938750834075, 28.515044907345956, 45.05516929262845, 24.824093973263587, 40.32593116955724, 43.51874695973881, 43.51874695973881, 43.51874695973881, 43.51874695973881, 43.51874695973881, 43.51874695973881, 43.51874695973881, 43.51874695973881, 43.51874695973881, 43.51874695973881, 43.51874695973881, 43.51874695973881, 43.51874695973881, 43.51874695973881, 43.51874695973881, 43.51874695973881, 43.51874695973881, 43.51874695973881, 43.51874695973881, 43.51874695973881, 43.51874695973881, 43.51874695973881, 43.51874695973881, 43.51874695973881, 43.51874695973881, 43.51874695973881, 43.51874695973881, 43.51874695973881, 43.51874695973881, 43.51874695973881], [35.979489162253614, 35.979489162253614, 35.979489162253614, 35.979489162253614, 35.979489162253614, 35.979489162253614, 35.979489162253614, 35.979489162253614, 35.979489162253614, 35.979489162253614, 35.979489162253614, 35.979489162253614, 35.979489162253614, 35.979489162253614, 35.979489162253614, 35.979489162253614, 35.979489162253614, 35.979489162253614, 35.979489162253614, 35.979489162253614, 35.979489162253614, 35.979489162253614, 35.979489162253614, 35.979489162253614, 35.979489162253614, 35.979489162253614, 35.979489162253614, 35.979489162253614, 35.979489162253614, 35.979489162253614, 16.510083685632743, 0.0, 23.634465871858787, 15.975100015383042, 37.67431002294917, 10.107777040848415, 15.454400269867667, 27.302234451221032, 7.203923515144969, 27.115143557192805, 11.380868422043266, 15.214763858482849, 2.8460921560439996, 36.8372028689329, 17.90239965311099, 21.784916846633447, 21.60668039729315, 35.23044731964121, 19.388335174084325, 24.786236734669526, 35.979489162253614, 35.979489162253614, 35.979489162253614, 35.979489162253614, 35.979489162253614, 35.979489162253614, 35.979489162253614, 35.979489162253614, 35.979489162253614, 35.979489162253614, 35.979489162253614, 35.979489162253614, 35.979489162253614, 35.979489162253614, 35.979489162253614, 35.979489162253614, 35.979489162253614, 35.979489162253614, 35.979489162253614, 35.979489162253614, 35.979489162253614, 35.979489162253614, 35.979489162253614, 35.979489162253614, 35.979489162253614, 35.979489162253614, 35.979489162253614, 35.979489162253614, 35.979489162253614, 35.979489162253614], [55.96499407526136, 55.96499407526136, 55.96499407526136, 55.96499407526136, 55.96499407526136, 55.96499407526136, 55.96499407526136, 55.96499407526136, 55.96499407526136, 55.96499407526136, 55.96499407526136, 55.96499407526136, 55.96499407526136, 55.96499407526136, 55.96499407526136, 55.96499407526136, 55.96499407526136, 55.96499407526136, 55.96499407526136, 55.96499407526136, 55.96499407526136, 55.96499407526136, 55.96499407526136, 55.96499407526136, 55.96499407526136, 55.96499407526136, 55.96499407526136, 55.96499407526136, 55.96499407526136, 55.96499407526136, 13.235741769573586, 23.634465871858787, 0.0, 20.94009648085624, 60.0, 18.97513241238571, 20.135973152780043, 49.519897880566205, 30.74370818591381, 50.11325691895743, 13.295354630498867, 8.421618350552915, 24.6306353834811, 53.71744368273837, 8.695632191982249, 44.94149056790326, 40.79705624377136, 56.82738328163401, 37.303055170484015, 48.32022008073102, 55.96499407526136, 55.96499407526136, 55.96499407526136, 55.96499407526136, 55.96499407526136, 55.96499407526136, 55.96499407526136, 55.96499407526136, 55.96499407526136, 55.96499407526136, 55.96499407526136, 55.96499407526136, 55.96499407526136, 55.96499407526136, 55.96499407526136, 55.96499407526136, 55.96499407526136, 55.96499407526136, 55.96499407526136, 55.96499407526136, 55.96499407526136, 55.96499407526136, 55.96499407526136, 55.96499407526136, 55.96499407526136, 55.96499407526136, 55.96499407526136, 55.96499407526136, 55.96499407526136, 55.96499407526136], [36.357659127342934, 36.357659127342934, 36.357659127342934, 36.357659127342934, 36.357659127342934, 36.357659127342934, 36.357659127342934, 36.357659127342934, 36.357659127342934, 36.357659127342934, 36.357659127342934, 36.357659127342934, 36.357659127342934, 36.357659127342934, 36.357659127342934, 36.357659127342934, 36.357659127342934, 36.357659127342934, 36.357659127342934, 36.357659127342934, 36.357659127342934, 36.357659127342934, 36.357659127342934, 36.357659127342934, 36.357659127342934, 36.357659127342934, 36.357659127342934, 36.357659127342934, 36.357659127342934, 36.357659127342934, 7.710488853420947, 15.975100015383042, 20.94009648085624, 0.0, 42.28897656606202, 6.211322782325038, 0.8935014509820515, 32.261313409418904, 21.362077015590494, 34.125288288375906, 10.720412785883939, 15.782794902470688, 18.763713976287082, 33.013466694785656, 12.247729727661621, 29.80172192186893, 21.665198564595695, 38.41439111994493, 17.85260745490301, 36.71821326308756, 36.357659127342934, 36.357659127342934, 36.357659127342934, 36.357659127342934, 36.357659127342934, 36.357659127342934, 36.357659127342934, 36.357659127342934, 36.357659127342934, 36.357659127342934, 36.357659127342934, 36.357659127342934, 36.357659127342934, 36.357659127342934, 36.357659127342934, 36.357659127342934, 36.357659127342934, 36.357659127342934, 36.357659127342934, 36.357659127342934, 36.357659127342934, 36.357659127342934, 36.357659127342934, 36.357659127342934, 36.357659127342934, 36.357659127342934, 36.357659127342934, 36.357659127342934, 36.357659127342934, 36.357659127342934], [10.925223125947875, 10.925223125947875, 10.925223125947875, 10.925223125947875, 10.925223125947875, 10.925223125947875, 10.925223125947875, 10.925223125947875, 10.925223125947875, 10.925223125947875, 10.925223125947875, 10.925223125947875, 10.925223125947875, 10.925223125947875, 10.925223125947875, 10.925223125947875, 10.925223125947875, 10.925223125947875, 10.925223125947875, 10.925223125947875, 10.925223125947875, 10.925223125947875, 10.925223125947875, 10.925223125947875, 10.925223125947875, 10.925223125947875, 10.925223125947875, 10.925223125947875, 10.925223125947875, 10.925223125947875, 48.6439259123232, 37.67431002294917, 60.0, 42.28897656606202, 0.0, 41.39843478719434, 42.68162904981406, 10.48856060873243, 32.04036375932642, 11.105146507847827, 46.705063559425604, 51.95655690070582, 38.13029858840233, 20.409885700769184, 52.265581149332235, 16.351528883541235, 20.838884318949553, 4.788607185876049, 24.678936968233298, 21.114234913973718, 10.925223125947875, 10.925223125947875, 10.925223125947875, 10.925223125947875, 10.925223125947875, 10.925223125947875, 10.925223125947875, 10.925223125947875, 10.925223125947875, 10.925223125947875, 10.925223125947875, 10.925223125947875, 10.925223125947875, 10.925223125947875, 10.925223125947875, 10.925223125947875, 10.925223125947875, 10.925223125947875, 10.925223125947875, 10.925223125947875, 10.925223125947875, 10.925223125947875, 10.925223125947875, 10.925223125947875, 10.925223125947875, 10.925223125947875, 10.925223125947875, 10.925223125947875, 10.925223125947875, 10.925223125947875], [36.99153383628101, 36.99153383628101, 36.99153383628101, 36.99153383628101, 36.99153383628101, 36.99153383628101, 36.99153383628101, 36.99153383628101, 36.99153383628101, 36.99153383628101, 36.99153383628101, 36.99153383628101, 36.99153383628101, 36.99153383628101, 36.99153383628101, 36.99153383628101, 36.99153383628101, 36.99153383628101, 36.99153383628101, 36.99153383628101, 36.99153383628101, 36.99153383628101, 36.99153383628101, 36.99153383628101, 36.99153383628101, 36.99153383628101, 36.99153383628101, 36.99153383628101, 36.99153383628101, 36.99153383628101, 7.594746853165643, 10.107777040848415, 18.97513241238571, 6.211322782325038, 41.39843478719434, 0.0, 5.534207181881014, 30.997261830842184, 16.278895684070818, 32.12469930030038, 6.206146858956332, 11.9311772093191, 12.795304153500346, 35.20848499515074, 10.868913223608079, 27.28051327647927, 21.821937196453185, 38.0035199819449, 18.359635648808872, 32.852957204158315, 36.99153383628101, 36.99153383628101, 36.99153383628101, 36.99153383628101, 36.99153383628101, 36.99153383628101, 36.99153383628101, 36.99153383628101, 36.99153383628101, 36.99153383628101, 36.99153383628101, 36.99153383628101, 36.99153383628101, 36.99153383628101, 36.99153383628101, 36.99153383628101, 36.99153383628101, 36.99153383628101, 36.99153383628101, 36.99153383628101, 36.99153383628101, 36.99153383628101, 36.99153383628101, 36.99153383628101, 36.99153383628101, 36.99153383628101, 36.99153383628101, 36.99153383628101, 36.99153383628101, 36.99153383628101], [36.926055558497964, 36.926055558497964, 36.926055558497964, 36.926055558497964, 36.926055558497964, 36.926055558497964, 36.926055558497964, 36.926055558497964, 36.926055558497964, 36.926055558497964, 36.926055558497964, 36.926055558497964, 36.926055558497964, 36.926055558497964, 36.926055558497964, 36.926055558497964, 36.926055558497964, 36.926055558497964, 36.926055558497964, 36.926055558497964, 36.926055558497964, 36.926055558497964, 36.926055558497964, 36.926055558497964, 36.926055558497964, 36.926055558497964, 36.926055558497964, 36.926055558497964, 36.926055558497964, 36.926055558497964, 6.9272473696873895, 15.454400269867667, 20.135973152780043, 0.8935014509820515, 42.68162904981406, 5.534207181881014, 0.0, 32.588660908289086, 21.042480082212876, 34.35468778384827, 9.835620925254934, 14.891843687279312, 18.21663601227225, 33.737599483938354, 11.440371208764374, 29.945686761136237, 22.141014781669906, 38.86252361235097, 18.351091271726272, 36.6600873682924, 36.926055558497964, 36.926055558497964, 36.926055558497964, 36.926055558497964, 36.926055558497964, 36.926055558497964, 36.926055558497964, 36.926055558497964, 36.926055558497964, 36.926055558497964, 36.926055558497964, 36.926055558497964, 36.926055558497964, 36.926055558497964, 36.926055558497964, 36.926055558497964, 36.926055558497964, 36.926055558497964, 36.926055558497964, 36.926055558497964, 36.926055558497964, 36.926055558497964, 36.926055558497964, 36.926055558497964, 36.926055558497964, 36.926055558497964, 36.926055558497964, 36.926055558497964, 36.926055558497964, 36.926055558497964], [11.586671900912572, 11.586671900912572, 11.586671900912572, 11.586671900912572, 11.586671900912572, 11.586671900912572, 11.586671900912572, 11.586671900912572, 11.586671900912572, 11.586671900912572, 11.586671900912572, 11.586671900912572, 11.586671900912572, 11.586671900912572, 11.586671900912572, 11.586671900912572, 11.586671900912572, 11.586671900912572, 11.586671900912572, 11.586671900912572, 11.586671900912572, 11.586671900912572, 11.586671900912572, 11.586671900912572, 11.586671900912572, 11.586671900912572, 11.586671900912572, 11.586671900912572, 11.586671900912572, 11.586671900912572, 38.330942425608356, 27.302234451221032, 49.519897880566205, 32.261313409418904, 10.48856060873243, 30.997261830842184, 32.588660908289086, 0.0, 22.054618531500868, 4.251569333551891, 36.22651329860405, 41.46843920720413, 27.931393836770216, 18.51616200054425, 41.85265065151272, 7.099367768705239, 11.63447012542941, 8.17648631092583, 15.253606386519955, 15.652808287737043, 11.586671900912572, 11.586671900912572, 11.586671900912572, 11.586671900912572, 11.586671900912572, 11.586671900912572, 11.586671900912572, 11.586671900912572, 11.586671900912572, 11.586671900912572, 11.586671900912572, 11.586671900912572, 11.586671900912572, 11.586671900912572, 11.586671900912572, 11.586671900912572, 11.586671900912572, 11.586671900912572, 11.586671900912572, 11.586671900912572, 11.586671900912572, 11.586671900912572, 11.586671900912572, 11.586671900912572, 11.586671900912572, 11.586671900912572, 11.586671900912572, 11.586671900912572, 11.586671900912572, 11.586671900912572], [32.03464239374802, 32.03464239374802, 32.03464239374802, 32.03464239374802, 32.03464239374802, 32.03464239374802, 32.03464239374802, 32.03464239374802, 32.03464239374802, 32.03464239374802, 32.03464239374802, 32.03464239374802, 32.03464239374802, 32.03464239374802, 32.03464239374802, 32.03464239374802, 32.03464239374802, 32.03464239374802, 32.03464239374802, 32.03464239374802, 32.03464239374802, 32.03464239374802, 32.03464239374802, 32.03464239374802, 32.03464239374802, 32.03464239374802, 32.03464239374802, 32.03464239374802, 32.03464239374802, 32.03464239374802, 23.339839851172382, 7.203923515144969, 30.74370818591381, 21.362077015590494, 32.04036375932642, 16.278895684070818, 21.042480082212876, 22.054618531500868, 0.0, 21.091923704524042, 18.547210965207526, 22.326031992564083, 6.387863724165474, 34.63371560312721, 25.060283499192106, 15.73179564575497, 19.289105727192567, 30.212077185842062, 18.316707392756022, 17.598462032888577, 32.03464239374802, 32.03464239374802, 32.03464239374802, 32.03464239374802, 32.03464239374802, 32.03464239374802, 32.03464239374802, 32.03464239374802, 32.03464239374802, 32.03464239374802, 32.03464239374802, 32.03464239374802, 32.03464239374802, 32.03464239374802, 32.03464239374802, 32.03464239374802, 32.03464239374802, 32.03464239374802, 32.03464239374802, 32.03464239374802, 32.03464239374802, 32.03464239374802, 32.03464239374802, 32.03464239374802, 32.03464239374802, 32.03464239374802, 32.03464239374802, 32.03464239374802, 32.03464239374802, 32.03464239374802], [15.297799935991238, 15.297799935991238, 15.297799935991238, 15.297799935991238, 15.297799935991238, 15.297799935991238, 15.297799935991238, 15.297799935991238, 15.297799935991238, 15.297799935991238, 15.297799935991238, 15.297799935991238, 15.297799935991238, 15.297799935991238, 15.297799935991238, 15.297799935991238, 15.297799935991238, 15.297799935991238, 15.297799935991238, 15.297799935991238, 15.297799935991238, 15.297799935991238, 15.297799935991238, 15.297799935991238, 15.297799935991238, 15.297799935991238, 15.297799935991238, 15.297799935991238, 15.297799935991238, 15.297799935991238, 39.63782454016725, 27.115143557192805, 50.11325691895743, 34.125288288375906, 11.105146507847827, 32.12469930030038, 34.35468778384827, 4.251569333551891, 21.091923704524042, 0.0, 36.9068694777637, 41.867763275381826, 27.309552942501426, 22.730413324276622, 42.85030972730422, 5.371010376001547, 14.83516097165278, 10.59345143366815, 18.118425283520175, 11.718559276294592, 15.297799935991238, 15.297799935991238, 15.297799935991238, 15.297799935991238, 15.297799935991238, 15.297799935991238, 15.297799935991238, 15.297799935991238, 15.297799935991238, 15.297799935991238, 15.297799935991238, 15.297799935991238, 15.297799935991238, 15.297799935991238, 15.297799935991238, 15.297799935991238, 15.297799935991238, 15.297799935991238, 15.297799935991238, 15.297799935991238, 15.297799935991238, 15.297799935991238, 15.297799935991238, 15.297799935991238, 15.297799935991238, 15.297799935991238, 15.297799935991238, 15.297799935991238, 15.297799935991238, 15.297799935991238], [42.91570496772274, 42.91570496772274, 42.91570496772274, 42.91570496772274, 42.91570496772274, 42.91570496772274, 42.91570496772274, 42.91570496772274, 42.91570496772274, 42.91570496772274, 42.91570496772274, 42.91570496772274, 42.91570496772274, 42.91570496772274, 42.91570496772274, 42.91570496772274, 42.91570496772274, 42.91570496772274, 42.91570496772274, 42.91570496772274, 42.91570496772274, 42.91570496772274, 42.91570496772274, 42.91570496772274, 42.91570496772274, 42.91570496772274, 42.91570496772274, 42.91570496772274, 42.91570496772274, 42.91570496772274, 6.213953690867741, 11.380868422043266, 13.295354630498867, 10.720412785883939, 46.705063559425604, 6.206146858956332, 9.835620925254934, 36.22651329860405, 18.547210965207526, 36.9068694777637, 0.0, 5.732950736342539, 13.234010374479828, 41.40252871448907, 6.521708482903707, 31.80457344294307, 27.742522582940058, 43.55773214445561, 24.40873109688676, 36.030917426885374, 42.91570496772274, 42.91570496772274, 42.91570496772274, 42.91570496772274, 42.91570496772274, 42.91570496772274, 42.91570496772274, 42.91570496772274, 42.91570496772274, 42.91570496772274, 42.91570496772274, 42.91570496772274, 42.91570496772274, 42.91570496772274, 42.91570496772274, 42.91570496772274, 42.91570496772274, 42.91570496772274, 42.91570496772274, 42.91570496772274, 42.91570496772274, 42.91570496772274, 42.91570496772274, 42.91570496772274, 42.91570496772274, 42.91570496772274, 42.91570496772274, 42.91570496772274, 42.91570496772274, 42.91570496772274], [48.5402179137426, 48.5402179137426, 48.5402179137426, 48.5402179137426, 48.5402179137426, 48.5402179137426, 48.5402179137426, 48.5402179137426, 48.5402179137426, 48.5402179137426, 48.5402179137426, 48.5402179137426, 48.5402179137426, 48.5402179137426, 48.5402179137426, 48.5402179137426, 48.5402179137426, 48.5402179137426, 48.5402179137426, 48.5402179137426, 48.5402179137426, 48.5402179137426, 48.5402179137426, 48.5402179137426, 48.5402179137426, 48.5402179137426, 48.5402179137426, 48.5402179137426, 48.5402179137426, 48.5402179137426, 9.185642890978684, 15.214763858482849, 8.421618350552915, 15.782794902470688, 51.95655690070582, 11.9311772093191, 14.891843687279312, 41.46843920720413, 22.326031992564083, 41.867763275381826, 5.732950736342539, 0.0, 16.26474634274553, 47.134888773760224, 6.0325416777510386, 36.646260392218394, 33.38432269753392, 48.970780963450345, 30.107103339139034, 39.9107777866857, 48.5402179137426, 48.5402179137426, 48.5402179137426, 48.5402179137426, 48.5402179137426, 48.5402179137426, 48.5402179137426, 48.5402179137426, 48.5402179137426, 48.5402179137426, 48.5402179137426, 48.5402179137426, 48.5402179137426, 48.5402179137426, 48.5402179137426, 48.5402179137426, 48.5402179137426, 48.5402179137426, 48.5402179137426, 48.5402179137426, 48.5402179137426, 48.5402179137426, 48.5402179137426, 48.5402179137426, 48.5402179137426, 48.5402179137426, 48.5402179137426, 48.5402179137426, 48.5402179137426, 48.5402179137426], [37.2256412563644, 37.2256412563644, 37.2256412563644, 37.2256412563644, 37.2256412563644, 37.2256412563644, 37.2256412563644, 37.2256412563644, 37.2256412563644, 37.2256412563644, 37.2256412563644, 37.2256412563644, 37.2256412563644, 37.2256412563644, 37.2256412563644, 37.2256412563644, 37.2256412563644, 37.2256412563644, 37.2256412563644, 37.2256412563644, 37.2256412563644, 37.2256412563644, 37.2256412563644, 37.2256412563644, 37.2256412563644, 37.2256412563644, 37.2256412563644, 37.2256412563644, 37.2256412563644, 37.2256412563644, 18.782126484089602, 2.8460921560439996, 24.6306353834811, 18.763713976287082, 38.13029858840233, 12.795304153500346, 18.21663601227225, 27.931393836770216, 6.387863724165474, 27.309552942501426, 13.234010374479828, 16.26474634274553, 0.0, 38.6863742340159, 19.694850723889285, 21.938665804986606, 23.317266918890674, 36.0046381648837, 21.424075638594136, 23.739418363221613, 37.2256412563644, 37.2256412563644, 37.2256412563644, 37.2256412563644, 37.2256412563644, 37.2256412563644, 37.2256412563644, 37.2256412563644, 37.2256412563644, 37.2256412563644, 37.2256412563644, 37.2256412563644, 37.2256412563644, 37.2256412563644, 37.2256412563644, 37.2256412563644, 37.2256412563644, 37.2256412563644, 37.2256412563644, 37.2256412563644, 37.2256412563644, 37.2256412563644, 37.2256412563644, 37.2256412563644, 37.2256412563644, 37.2256412563644, 37.2256412563644, 37.2256412563644, 37.2256412563644, 37.2256412563644], [9.487497802948251, 9.487497802948251, 9.487497802948251, 9.487497802948251, 9.487497802948251, 9.487497802948251, 9.487497802948251, 9.487497802948251, 9.487497802948251, 9.487497802948251, 9.487497802948251, 9.487497802948251, 9.487497802948251, 9.487497802948251, 9.487497802948251, 9.487497802948251, 9.487497802948251, 9.487497802948251, 9.487497802948251, 9.487497802948251, 9.487497802948251, 9.487497802948251, 9.487497802948251, 9.487497802948251, 9.487497802948251, 9.487497802948251, 9.487497802948251, 9.487497802948251, 9.487497802948251, 9.487497802948251, 40.643685711800636, 36.8372028689329, 53.71744368273837, 33.013466694785656, 20.409885700769184, 35.20848499515074, 33.737599483938354, 18.51616200054425, 34.63371560312721, 22.730413324276622, 41.40252871448907, 47.134888773760224, 38.6863742340159, 0.0, 45.07018278990274, 24.352116101865338, 15.418383380991354, 15.853771200907348, 17.545368816711132, 34.02144375228855, 9.487497802948251, 9.487497802948251, 9.487497802948251, 9.487497802948251, 9.487497802948251, 9.487497802948251, 9.487497802948251, 9.487497802948251, 9.487497802948251, 9.487497802948251, 9.487497802948251, 9.487497802948251, 9.487497802948251, 9.487497802948251, 9.487497802948251, 9.487497802948251, 9.487497802948251, 9.487497802948251, 9.487497802948251, 9.487497802948251, 9.487497802948251, 9.487497802948251, 9.487497802948251, 9.487497802948251, 9.487497802948251, 9.487497802948251, 9.487497802948251, 9.487497802948251, 9.487497802948251, 9.487497802948251], [47.627216144535126, 47.627216144535126, 47.627216144535126, 47.627216144535126, 47.627216144535126, 47.627216144535126, 47.627216144535126, 47.627216144535126, 47.627216144535126, 47.627216144535126, 47.627216144535126, 47.627216144535126, 47.627216144535126, 47.627216144535126, 47.627216144535126, 47.627216144535126, 47.627216144535126, 47.627216144535126, 47.627216144535126, 47.627216144535126, 47.627216144535126, 47.627216144535126, 47.627216144535126, 47.627216144535126, 47.627216144535126, 47.627216144535126, 47.627216144535126, 47.627216144535126, 47.627216144535126, 47.627216144535126, 4.559769911737179, 17.90239965311099, 8.695632191982249, 12.247729727661621, 52.265581149332235, 10.868913223608079, 11.440371208764374, 41.85265065151272, 25.060283499192106, 42.85030972730422, 6.521708482903707, 6.0325416777510386, 19.694850723889285, 45.07018278990274, 0.0, 37.874343258227114, 32.51876031168118, 48.854632212146505, 28.917877208846825, 42.500497467852995, 47.627216144535126, 47.627216144535126, 47.627216144535126, 47.627216144535126, 47.627216144535126, 47.627216144535126, 47.627216144535126, 47.627216144535126, 47.627216144535126, 47.627216144535126, 47.627216144535126, 47.627216144535126, 47.627216144535126, 47.627216144535126, 47.627216144535126, 47.627216144535126, 47.627216144535126, 47.627216144535126, 47.627216144535126, 47.627216144535126, 47.627216144535126, 47.627216144535126, 47.627216144535126, 47.627216144535126, 47.627216144535126, 47.627216144535126, 47.627216144535126, 47.627216144535126, 47.627216144535126, 47.627216144535126], [18.535716139110587, 18.535716139110587, 18.535716139110587, 18.535716139110587, 18.535716139110587, 18.535716139110587, 18.535716139110587, 18.535716139110587, 18.535716139110587, 18.535716139110587, 18.535716139110587, 18.535716139110587, 18.535716139110587, 18.535716139110587, 18.535716139110587, 18.535716139110587, 18.535716139110587, 18.535716139110587, 18.535716139110587, 18.535716139110587, 18.535716139110587, 18.535716139110587, 18.535716139110587, 18.535716139110587, 18.535716139110587, 18.535716139110587, 18.535716139110587, 18.535716139110587, 18.535716139110587, 18.535716139110587, 34.853938750834075, 21.784916846633447, 44.94149056790326, 29.80172192186893, 16.351528883541235, 27.28051327647927, 29.945686761136237, 7.099367768705239, 15.73179564575497, 5.371010376001547, 31.80457344294307, 36.646260392218394, 21.938665804986606, 24.352116101865338, 37.874343258227114, 0.0, 12.912113580232713, 15.090385936696235, 15.39742829566883, 10.13211593684221, 18.535716139110587, 18.535716139110587, 18.535716139110587, 18.535716139110587, 18.535716139110587, 18.535716139110587, 18.535716139110587, 18.535716139110587, 18.535716139110587, 18.535716139110587, 18.535716139110587, 18.535716139110587, 18.535716139110587, 18.535716139110587, 18.535716139110587, 18.535716139110587, 18.535716139110587, 18.535716139110587, 18.535716139110587, 18.535716139110587, 18.535716139110587, 18.535716139110587, 18.535716139110587, 18.535716139110587, 18.535716139110587, 18.535716139110587, 18.535716139110587, 18.535716139110587, 18.535716139110587, 18.535716139110587], [15.178169177963358, 15.178169177963358, 15.178169177963358, 15.178169177963358, 15.178169177963358, 15.178169177963358, 15.178169177963358, 15.178169177963358, 15.178169177963358, 15.178169177963358, 15.178169177963358, 15.178169177963358, 15.178169177963358, 15.178169177963358, 15.178169177963358, 15.178169177963358, 15.178169177963358, 15.178169177963358, 15.178169177963358, 15.178169177963358, 15.178169177963358, 15.178169177963358, 15.178169177963358, 15.178169177963358, 15.178169177963358, 15.178169177963358, 15.178169177963358, 15.178169177963358, 15.178169177963358, 15.178169177963358, 28.515044907345956, 21.60668039729315, 40.79705624377136, 21.665198564595695, 20.838884318949553, 21.821937196453185, 22.141014781669906, 11.63447012542941, 19.289105727192567, 14.83516097165278, 27.742522582940058, 33.38432269753392, 23.317266918890674, 15.418383380991354, 32.51876031168118, 12.912113580232713, 0.0, 16.769891425272647, 3.84938606054367, 22.892769331435005, 15.178169177963358, 15.178169177963358, 15.178169177963358, 15.178169177963358, 15.178169177963358, 15.178169177963358, 15.178169177963358, 15.178169177963358, 15.178169177963358, 15.178169177963358, 15.178169177963358, 15.178169177963358, 15.178169177963358, 15.178169177963358, 15.178169177963358, 15.178169177963358, 15.178169177963358, 15.178169177963358, 15.178169177963358, 15.178169177963358, 15.178169177963358, 15.178169177963358, 15.178169177963358, 15.178169177963358, 15.178169177963358, 15.178169177963358, 15.178169177963358, 15.178169177963358, 15.178169177963358, 15.178169177963358], [6.482884967195478, 6.482884967195478, 6.482884967195478, 6.482884967195478, 6.482884967195478, 6.482884967195478, 6.482884967195478, 6.482884967195478, 6.482884967195478, 6.482884967195478, 6.482884967195478, 6.482884967195478, 6.482884967195478, 6.482884967195478, 6.482884967195478, 6.482884967195478, 6.482884967195478, 6.482884967195478, 6.482884967195478, 6.482884967195478, 6.482884967195478, 6.482884967195478, 6.482884967195478, 6.482884967195478, 6.482884967195478, 6.482884967195478, 6.482884967195478, 6.482884967195478, 6.482884967195478, 6.482884967195478, 45.05516929262845, 35.23044731964121, 56.82738328163401, 38.41439111994493, 4.788607185876049, 38.0035199819449, 38.86252361235097, 8.17648631092583, 30.212077185842062, 10.59345143366815, 43.55773214445561, 48.970780963450345, 36.0046381648837, 15.853771200907348, 48.854632212146505, 15.090385936696235, 16.769891425272647, 0.0, 20.61376463236484, 21.997359908113687, 6.482884967195478, 6.482884967195478, 6.482884967195478, 6.482884967195478, 6.482884967195478, 6.482884967195478, 6.482884967195478, 6.482884967195478, 6.482884967195478, 6.482884967195478, 6.482884967195478, 6.482884967195478, 6.482884967195478, 6.482884967195478, 6.482884967195478, 6.482884967195478, 6.482884967195478, 6.482884967195478, 6.482884967195478, 6.482884967195478, 6.482884967195478, 6.482884967195478, 6.482884967195478, 6.482884967195478, 6.482884967195478, 6.482884967195478, 6.482884967195478, 6.482884967195478, 6.482884967195478, 6.482884967195478], [18.711381970154694, 18.711381970154694, 18.711381970154694, 18.711381970154694, 18.711381970154694, 18.711381970154694, 18.711381970154694, 18.711381970154694, 18.711381970154694, 18.711381970154694, 18.711381970154694, 18.711381970154694, 18.711381970154694, 18.711381970154694, 18.711381970154694, 18.711381970154694, 18.711381970154694, 18.711381970154694, 18.711381970154694, 18.711381970154694, 18.711381970154694, 18.711381970154694, 18.711381970154694, 18.711381970154694, 18.711381970154694, 18.711381970154694, 18.711381970154694, 18.711381970154694, 18.711381970154694, 18.711381970154694, 24.824093973263587, 19.388335174084325, 37.303055170484015, 17.85260745490301, 24.678936968233298, 18.359635648808872, 18.351091271726272, 15.253606386519955, 18.316707392756022, 18.118425283520175, 24.40873109688676, 30.107103339139034, 21.424075638594136, 17.545368816711132, 28.917877208846825, 15.39742829566883, 3.84938606054367, 20.61376463236484, 0.0, 24.94074602220696, 18.711381970154694, 18.711381970154694, 18.711381970154694, 18.711381970154694, 18.711381970154694, 18.711381970154694, 18.711381970154694, 18.711381970154694, 18.711381970154694, 18.711381970154694, 18.711381970154694, 18.711381970154694, 18.711381970154694, 18.711381970154694, 18.711381970154694, 18.711381970154694, 18.711381970154694, 18.711381970154694, 18.711381970154694, 18.711381970154694, 18.711381970154694, 18.711381970154694, 18.711381970154694, 18.711381970154694, 18.711381970154694, 18.711381970154694, 18.711381970154694, 18.711381970154694, 18.711381970154694, 18.711381970154694], [27.01556201534243, 27.01556201534243, 27.01556201534243, 27.01556201534243, 27.01556201534243, 27.01556201534243, 27.01556201534243, 27.01556201534243, 27.01556201534243, 27.01556201534243, 27.01556201534243, 27.01556201534243, 27.01556201534243, 27.01556201534243, 27.01556201534243, 27.01556201534243, 27.01556201534243, 27.01556201534243, 27.01556201534243, 27.01556201534243, 27.01556201534243, 27.01556201534243, 27.01556201534243, 27.01556201534243, 27.01556201534243, 27.01556201534243, 27.01556201534243, 27.01556201534243, 27.01556201534243, 27.01556201534243, 40.32593116955724, 24.786236734669526, 48.32022008073102, 36.71821326308756, 21.114234913973718, 32.852957204158315, 36.6600873682924, 15.652808287737043, 17.598462032888577, 11.718559276294592, 36.030917426885374, 39.9107777866857, 23.739418363221613, 34.02144375228855, 42.500497467852995, 10.13211593684221, 22.892769331435005, 21.997359908113687, 24.94074602220696, 0.0, 27.01556201534243, 27.01556201534243, 27.01556201534243, 27.01556201534243, 27.01556201534243, 27.01556201534243, 27.01556201534243, 27.01556201534243, 27.01556201534243, 27.01556201534243, 27.01556201534243, 27.01556201534243, 27.01556201534243, 27.01556201534243, 27.01556201534243, 27.01556201534243, 27.01556201534243, 27.01556201534243, 27.01556201534243, 27.01556201534243, 27.01556201534243, 27.01556201534243, 27.01556201534243, 27.01556201534243, 27.01556201534243, 27.01556201534243, 27.01556201534243, 27.01556201534243, 27.01556201534243, 27.01556201534243], [0.0, 0.0, 0.0, 0.0, 0.0, 0.0, 0.0, 0.0, 0.0, 0.0, 0.0, 0.0, 0.0, 0.0, 0.0, 0.0, 0.0, 0.0, 0.0, 0.0, 0.0, 0.0, 0.0, 0.0, 0.0, 0.0, 0.0, 0.0, 0.0, 0.0, 43.51874695973881, 35.979489162253614, 55.96499407526136, 36.357659127342934, 10.925223125947875, 36.99153383628101, 36.926055558497964, 11.586671900912572, 32.03464239374802, 15.297799935991238, 42.91570496772274, 48.5402179137426, 37.2256412563644, 9.487497802948251, 47.627216144535126, 18.535716139110587, 15.178169177963358, 6.482884967195478, 18.711381970154694, 27.01556201534243, 0.0, 0.0, 0.0, 0.0, 0.0, 0.0, 0.0, 0.0, 0.0, 0.0, 0.0, 0.0, 0.0, 0.0, 0.0, 0.0, 0.0, 0.0, 0.0, 0.0, 0.0, 0.0, 0.0, 0.0, 0.0, 0.0, 0.0, 0.0, 0.0, 0.0], [0.0, 0.0, 0.0, 0.0, 0.0, 0.0, 0.0, 0.0, 0.0, 0.0, 0.0, 0.0, 0.0, 0.0, 0.0, 0.0, 0.0, 0.0, 0.0, 0.0, 0.0, 0.0, 0.0, 0.0, 0.0, 0.0, 0.0, 0.0, 0.0, 0.0, 43.51874695973881, 35.979489162253614, 55.96499407526136, 36.357659127342934, 10.925223125947875, 36.99153383628101, 36.926055558497964, 11.586671900912572, 32.03464239374802, 15.297799935991238, 42.91570496772274, 48.5402179137426, 37.2256412563644, 9.487497802948251, 47.627216144535126, 18.535716139110587, 15.178169177963358, 6.482884967195478, 18.711381970154694, 27.01556201534243, 0.0, 0.0, 0.0, 0.0, 0.0, 0.0, 0.0, 0.0, 0.0, 0.0, 0.0, 0.0, 0.0, 0.0, 0.0, 0.0, 0.0, 0.0, 0.0, 0.0, 0.0, 0.0, 0.0, 0.0, 0.0, 0.0, 0.0, 0.0, 0.0, 0.0], [0.0, 0.0, 0.0, 0.0, 0.0, 0.0, 0.0, 0.0, 0.0, 0.0, 0.0, 0.0, 0.0, 0.0, 0.0, 0.0, 0.0, 0.0, 0.0, 0.0, 0.0, 0.0, 0.0, 0.0, 0.0, 0.0, 0.0, 0.0, 0.0, 0.0, 43.51874695973881, 35.979489162253614, 55.96499407526136, 36.357659127342934, 10.925223125947875, 36.99153383628101, 36.926055558497964, 11.586671900912572, 32.03464239374802, 15.297799935991238, 42.91570496772274, 48.5402179137426, 37.2256412563644, 9.487497802948251, 47.627216144535126, 18.535716139110587, 15.178169177963358, 6.482884967195478, 18.711381970154694, 27.01556201534243, 0.0, 0.0, 0.0, 0.0, 0.0, 0.0, 0.0, 0.0, 0.0, 0.0, 0.0, 0.0, 0.0, 0.0, 0.0, 0.0, 0.0, 0.0, 0.0, 0.0, 0.0, 0.0, 0.0, 0.0, 0.0, 0.0, 0.0, 0.0, 0.0, 0.0], [0.0, 0.0, 0.0, 0.0, 0.0, 0.0, 0.0, 0.0, 0.0, 0.0, 0.0, 0.0, 0.0, 0.0, 0.0, 0.0, 0.0, 0.0, 0.0, 0.0, 0.0, 0.0, 0.0, 0.0, 0.0, 0.0, 0.0, 0.0, 0.0, 0.0, 43.51874695973881, 35.979489162253614, 55.96499407526136, 36.357659127342934, 10.925223125947875, 36.99153383628101, 36.926055558497964, 11.586671900912572, 32.03464239374802, 15.297799935991238, 42.91570496772274, 48.5402179137426, 37.2256412563644, 9.487497802948251, 47.627216144535126, 18.535716139110587, 15.178169177963358, 6.482884967195478, 18.711381970154694, 27.01556201534243, 0.0, 0.0, 0.0, 0.0, 0.0, 0.0, 0.0, 0.0, 0.0, 0.0, 0.0, 0.0, 0.0, 0.0, 0.0, 0.0, 0.0, 0.0, 0.0, 0.0, 0.0, 0.0, 0.0, 0.0, 0.0, 0.0, 0.0, 0.0, 0.0, 0.0], [0.0, 0.0, 0.0, 0.0, 0.0, 0.0, 0.0, 0.0, 0.0, 0.0, 0.0, 0.0, 0.0, 0.0, 0.0, 0.0, 0.0, 0.0, 0.0, 0.0, 0.0, 0.0, 0.0, 0.0, 0.0, 0.0, 0.0, 0.0, 0.0, 0.0, 43.51874695973881, 35.979489162253614, 55.96499407526136, 36.357659127342934, 10.925223125947875, 36.99153383628101, 36.926055558497964, 11.586671900912572, 32.03464239374802, 15.297799935991238, 42.91570496772274, 48.5402179137426, 37.2256412563644, 9.487497802948251, 47.627216144535126, 18.535716139110587, 15.178169177963358, 6.482884967195478, 18.711381970154694, 27.01556201534243, 0.0, 0.0, 0.0, 0.0, 0.0, 0.0, 0.0, 0.0, 0.0, 0.0, 0.0, 0.0, 0.0, 0.0, 0.0, 0.0, 0.0, 0.0, 0.0, 0.0, 0.0, 0.0, 0.0, 0.0, 0.0, 0.0, 0.0, 0.0, 0.0, 0.0], [0.0, 0.0, 0.0, 0.0, 0.0, 0.0, 0.0, 0.0, 0.0, 0.0, 0.0, 0.0, 0.0, 0.0, 0.0, 0.0, 0.0, 0.0, 0.0, 0.0, 0.0, 0.0, 0.0, 0.0, 0.0, 0.0, 0.0, 0.0, 0.0, 0.0, 43.51874695973881, 35.979489162253614, 55.96499407526136, 36.357659127342934, 10.925223125947875, 36.99153383628101, 36.926055558497964, 11.586671900912572, 32.03464239374802, 15.297799935991238, 42.91570496772274, 48.5402179137426, 37.2256412563644, 9.487497802948251, 47.627216144535126, 18.535716139110587, 15.178169177963358, 6.482884967195478, 18.711381970154694, 27.01556201534243, 0.0, 0.0, 0.0, 0.0, 0.0, 0.0, 0.0, 0.0, 0.0, 0.0, 0.0, 0.0, 0.0, 0.0, 0.0, 0.0, 0.0, 0.0, 0.0, 0.0, 0.0, 0.0, 0.0, 0.0, 0.0, 0.0, 0.0, 0.0, 0.0, 0.0], [0.0, 0.0, 0.0, 0.0, 0.0, 0.0, 0.0, 0.0, 0.0, 0.0, 0.0, 0.0, 0.0, 0.0, 0.0, 0.0, 0.0, 0.0, 0.0, 0.0, 0.0, 0.0, 0.0, 0.0, 0.0, 0.0, 0.0, 0.0, 0.0, 0.0, 43.51874695973881, 35.979489162253614, 55.96499407526136, 36.357659127342934, 10.925223125947875, 36.99153383628101, 36.926055558497964, 11.586671900912572, 32.03464239374802, 15.297799935991238, 42.91570496772274, 48.5402179137426, 37.2256412563644, 9.487497802948251, 47.627216144535126, 18.535716139110587, 15.178169177963358, 6.482884967195478, 18.711381970154694, 27.01556201534243, 0.0, 0.0, 0.0, 0.0, 0.0, 0.0, 0.0, 0.0, 0.0, 0.0, 0.0, 0.0, 0.0, 0.0, 0.0, 0.0, 0.0, 0.0, 0.0, 0.0, 0.0, 0.0, 0.0, 0.0, 0.0, 0.0, 0.0, 0.0, 0.0, 0.0], [0.0, 0.0, 0.0, 0.0, 0.0, 0.0, 0.0, 0.0, 0.0, 0.0, 0.0, 0.0, 0.0, 0.0, 0.0, 0.0, 0.0, 0.0, 0.0, 0.0, 0.0, 0.0, 0.0, 0.0, 0.0, 0.0, 0.0, 0.0, 0.0, 0.0, 43.51874695973881, 35.979489162253614, 55.96499407526136, 36.357659127342934, 10.925223125947875, 36.99153383628101, 36.926055558497964, 11.586671900912572, 32.03464239374802, 15.297799935991238, 42.91570496772274, 48.5402179137426, 37.2256412563644, 9.487497802948251, 47.627216144535126, 18.535716139110587, 15.178169177963358, 6.482884967195478, 18.711381970154694, 27.01556201534243, 0.0, 0.0, 0.0, 0.0, 0.0, 0.0, 0.0, 0.0, 0.0, 0.0, 0.0, 0.0, 0.0, 0.0, 0.0, 0.0, 0.0, 0.0, 0.0, 0.0, 0.0, 0.0, 0.0, 0.0, 0.0, 0.0, 0.0, 0.0, 0.0, 0.0], [0.0, 0.0, 0.0, 0.0, 0.0, 0.0, 0.0, 0.0, 0.0, 0.0, 0.0, 0.0, 0.0, 0.0, 0.0, 0.0, 0.0, 0.0, 0.0, 0.0, 0.0, 0.0, 0.0, 0.0, 0.0, 0.0, 0.0, 0.0, 0.0, 0.0, 43.51874695973881, 35.979489162253614, 55.96499407526136, 36.357659127342934, 10.925223125947875, 36.99153383628101, 36.926055558497964, 11.586671900912572, 32.03464239374802, 15.297799935991238, 42.91570496772274, 48.5402179137426, 37.2256412563644, 9.487497802948251, 47.627216144535126, 18.535716139110587, 15.178169177963358, 6.482884967195478, 18.711381970154694, 27.01556201534243, 0.0, 0.0, 0.0, 0.0, 0.0, 0.0, 0.0, 0.0, 0.0, 0.0, 0.0, 0.0, 0.0, 0.0, 0.0, 0.0, 0.0, 0.0, 0.0, 0.0, 0.0, 0.0, 0.0, 0.0, 0.0, 0.0, 0.0, 0.0, 0.0, 0.0], [0.0, 0.0, 0.0, 0.0, 0.0, 0.0, 0.0, 0.0, 0.0, 0.0, 0.0, 0.0, 0.0, 0.0, 0.0, 0.0, 0.0, 0.0, 0.0, 0.0, 0.0, 0.0, 0.0, 0.0, 0.0, 0.0, 0.0, 0.0, 0.0, 0.0, 43.51874695973881, 35.979489162253614, 55.96499407526136, 36.357659127342934, 10.925223125947875, 36.99153383628101, 36.926055558497964, 11.586671900912572, 32.03464239374802, 15.297799935991238, 42.91570496772274, 48.5402179137426, 37.2256412563644, 9.487497802948251, 47.627216144535126, 18.535716139110587, 15.178169177963358, 6.482884967195478, 18.711381970154694, 27.01556201534243, 0.0, 0.0, 0.0, 0.0, 0.0, 0.0, 0.0, 0.0, 0.0, 0.0, 0.0, 0.0, 0.0, 0.0, 0.0, 0.0, 0.0, 0.0, 0.0, 0.0, 0.0, 0.0, 0.0, 0.0, 0.0, 0.0, 0.0, 0.0, 0.0, 0.0], [0.0, 0.0, 0.0, 0.0, 0.0, 0.0, 0.0, 0.0, 0.0, 0.0, 0.0, 0.0, 0.0, 0.0, 0.0, 0.0, 0.0, 0.0, 0.0, 0.0, 0.0, 0.0, 0.0, 0.0, 0.0, 0.0, 0.0, 0.0, 0.0, 0.0, 43.51874695973881, 35.979489162253614, 55.96499407526136, 36.357659127342934, 10.925223125947875, 36.99153383628101, 36.926055558497964, 11.586671900912572, 32.03464239374802, 15.297799935991238, 42.91570496772274, 48.5402179137426, 37.2256412563644, 9.487497802948251, 47.627216144535126, 18.535716139110587, 15.178169177963358, 6.482884967195478, 18.711381970154694, 27.01556201534243, 0.0, 0.0, 0.0, 0.0, 0.0, 0.0, 0.0, 0.0, 0.0, 0.0, 0.0, 0.0, 0.0, 0.0, 0.0, 0.0, 0.0, 0.0, 0.0, 0.0, 0.0, 0.0, 0.0, 0.0, 0.0, 0.0, 0.0, 0.0, 0.0, 0.0], [0.0, 0.0, 0.0, 0.0, 0.0, 0.0, 0.0, 0.0, 0.0, 0.0, 0.0, 0.0, 0.0, 0.0, 0.0, 0.0, 0.0, 0.0, 0.0, 0.0, 0.0, 0.0, 0.0, 0.0, 0.0, 0.0, 0.0, 0.0, 0.0, 0.0, 43.51874695973881, 35.979489162253614, 55.96499407526136, 36.357659127342934, 10.925223125947875, 36.99153383628101, 36.926055558497964, 11.586671900912572, 32.03464239374802, 15.297799935991238, 42.91570496772274, 48.5402179137426, 37.2256412563644, 9.487497802948251, 47.627216144535126, 18.535716139110587, 15.178169177963358, 6.482884967195478, 18.711381970154694, 27.01556201534243, 0.0, 0.0, 0.0, 0.0, 0.0, 0.0, 0.0, 0.0, 0.0, 0.0, 0.0, 0.0, 0.0, 0.0, 0.0, 0.0, 0.0, 0.0, 0.0, 0.0, 0.0, 0.0, 0.0, 0.0, 0.0, 0.0, 0.0, 0.0, 0.0, 0.0], [0.0, 0.0, 0.0, 0.0, 0.0, 0.0, 0.0, 0.0, 0.0, 0.0, 0.0, 0.0, 0.0, 0.0, 0.0, 0.0, 0.0, 0.0, 0.0, 0.0, 0.0, 0.0, 0.0, 0.0, 0.0, 0.0, 0.0, 0.0, 0.0, 0.0, 43.51874695973881, 35.979489162253614, 55.96499407526136, 36.357659127342934, 10.925223125947875, 36.99153383628101, 36.926055558497964, 11.586671900912572, 32.03464239374802, 15.297799935991238, 42.91570496772274, 48.5402179137426, 37.2256412563644, 9.487497802948251, 47.627216144535126, 18.535716139110587, 15.178169177963358, 6.482884967195478, 18.711381970154694, 27.01556201534243, 0.0, 0.0, 0.0, 0.0, 0.0, 0.0, 0.0, 0.0, 0.0, 0.0, 0.0, 0.0, 0.0, 0.0, 0.0, 0.0, 0.0, 0.0, 0.0, 0.0, 0.0, 0.0, 0.0, 0.0, 0.0, 0.0, 0.0, 0.0, 0.0, 0.0], [0.0, 0.0, 0.0, 0.0, 0.0, 0.0, 0.0, 0.0, 0.0, 0.0, 0.0, 0.0, 0.0, 0.0, 0.0, 0.0, 0.0, 0.0, 0.0, 0.0, 0.0, 0.0, 0.0, 0.0, 0.0, 0.0, 0.0, 0.0, 0.0, 0.0, 43.51874695973881, 35.979489162253614, 55.96499407526136, 36.357659127342934, 10.925223125947875, 36.99153383628101, 36.926055558497964, 11.586671900912572, 32.03464239374802, 15.297799935991238, 42.91570496772274, 48.5402179137426, 37.2256412563644, 9.487497802948251, 47.627216144535126, 18.535716139110587, 15.178169177963358, 6.482884967195478, 18.711381970154694, 27.01556201534243, 0.0, 0.0, 0.0, 0.0, 0.0, 0.0, 0.0, 0.0, 0.0, 0.0, 0.0, 0.0, 0.0, 0.0, 0.0, 0.0, 0.0, 0.0, 0.0, 0.0, 0.0, 0.0, 0.0, 0.0, 0.0, 0.0, 0.0, 0.0, 0.0, 0.0], [0.0, 0.0, 0.0, 0.0, 0.0, 0.0, 0.0, 0.0, 0.0, 0.0, 0.0, 0.0, 0.0, 0.0, 0.0, 0.0, 0.0, 0.0, 0.0, 0.0, 0.0, 0.0, 0.0, 0.0, 0.0, 0.0, 0.0, 0.0, 0.0, 0.0, 43.51874695973881, 35.979489162253614, 55.96499407526136, 36.357659127342934, 10.925223125947875, 36.99153383628101, 36.926055558497964, 11.586671900912572, 32.03464239374802, 15.297799935991238, 42.91570496772274, 48.5402179137426, 37.2256412563644, 9.487497802948251, 47.627216144535126, 18.535716139110587, 15.178169177963358, 6.482884967195478, 18.711381970154694, 27.01556201534243, 0.0, 0.0, 0.0, 0.0, 0.0, 0.0, 0.0, 0.0, 0.0, 0.0, 0.0, 0.0, 0.0, 0.0, 0.0, 0.0, 0.0, 0.0, 0.0, 0.0, 0.0, 0.0, 0.0, 0.0, 0.0, 0.0, 0.0, 0.0, 0.0, 0.0], [0.0, 0.0, 0.0, 0.0, 0.0, 0.0, 0.0, 0.0, 0.0, 0.0, 0.0, 0.0, 0.0, 0.0, 0.0, 0.0, 0.0, 0.0, 0.0, 0.0, 0.0, 0.0, 0.0, 0.0, 0.0, 0.0, 0.0, 0.0, 0.0, 0.0, 43.51874695973881, 35.979489162253614, 55.96499407526136, 36.357659127342934, 10.925223125947875, 36.99153383628101, 36.926055558497964, 11.586671900912572, 32.03464239374802, 15.297799935991238, 42.91570496772274, 48.5402179137426, 37.2256412563644, 9.487497802948251, 47.627216144535126, 18.535716139110587, 15.178169177963358, 6.482884967195478, 18.711381970154694, 27.01556201534243, 0.0, 0.0, 0.0, 0.0, 0.0, 0.0, 0.0, 0.0, 0.0, 0.0, 0.0, 0.0, 0.0, 0.0, 0.0, 0.0, 0.0, 0.0, 0.0, 0.0, 0.0, 0.0, 0.0, 0.0, 0.0, 0.0, 0.0, 0.0, 0.0, 0.0], [0.0, 0.0, 0.0, 0.0, 0.0, 0.0, 0.0, 0.0, 0.0, 0.0, 0.0, 0.0, 0.0, 0.0, 0.0, 0.0, 0.0, 0.0, 0.0, 0.0, 0.0, 0.0, 0.0, 0.0, 0.0, 0.0, 0.0, 0.0, 0.0, 0.0, 43.51874695973881, 35.979489162253614, 55.96499407526136, 36.357659127342934, 10.925223125947875, 36.99153383628101, 36.926055558497964, 11.586671900912572, 32.03464239374802, 15.297799935991238, 42.91570496772274, 48.5402179137426, 37.2256412563644, 9.487497802948251, 47.627216144535126, 18.535716139110587, 15.178169177963358, 6.482884967195478, 18.711381970154694, 27.01556201534243, 0.0, 0.0, 0.0, 0.0, 0.0, 0.0, 0.0, 0.0, 0.0, 0.0, 0.0, 0.0, 0.0, 0.0, 0.0, 0.0, 0.0, 0.0, 0.0, 0.0, 0.0, 0.0, 0.0, 0.0, 0.0, 0.0, 0.0, 0.0, 0.0, 0.0], [0.0, 0.0, 0.0, 0.0, 0.0, 0.0, 0.0, 0.0, 0.0, 0.0, 0.0, 0.0, 0.0, 0.0, 0.0, 0.0, 0.0, 0.0, 0.0, 0.0, 0.0, 0.0, 0.0, 0.0, 0.0, 0.0, 0.0, 0.0, 0.0, 0.0, 43.51874695973881, 35.979489162253614, 55.96499407526136, 36.357659127342934, 10.925223125947875, 36.99153383628101, 36.926055558497964, 11.586671900912572, 32.03464239374802, 15.297799935991238, 42.91570496772274, 48.5402179137426, 37.2256412563644, 9.487497802948251, 47.627216144535126, 18.535716139110587, 15.178169177963358, 6.482884967195478, 18.711381970154694, 27.01556201534243, 0.0, 0.0, 0.0, 0.0, 0.0, 0.0, 0.0, 0.0, 0.0, 0.0, 0.0, 0.0, 0.0, 0.0, 0.0, 0.0, 0.0, 0.0, 0.0, 0.0, 0.0, 0.0, 0.0, 0.0, 0.0, 0.0, 0.0, 0.0, 0.0, 0.0], [0.0, 0.0, 0.0, 0.0, 0.0, 0.0, 0.0, 0.0, 0.0, 0.0, 0.0, 0.0, 0.0, 0.0, 0.0, 0.0, 0.0, 0.0, 0.0, 0.0, 0.0, 0.0, 0.0, 0.0, 0.0, 0.0, 0.0, 0.0, 0.0, 0.0, 43.51874695973881, 35.979489162253614, 55.96499407526136, 36.357659127342934, 10.925223125947875, 36.99153383628101, 36.926055558497964, 11.586671900912572, 32.03464239374802, 15.297799935991238, 42.91570496772274, 48.5402179137426, 37.2256412563644, 9.487497802948251, 47.627216144535126, 18.535716139110587, 15.178169177963358, 6.482884967195478, 18.711381970154694, 27.01556201534243, 0.0, 0.0, 0.0, 0.0, 0.0, 0.0, 0.0, 0.0, 0.0, 0.0, 0.0, 0.0, 0.0, 0.0, 0.0, 0.0, 0.0, 0.0, 0.0, 0.0, 0.0, 0.0, 0.0, 0.0, 0.0, 0.0, 0.0, 0.0, 0.0, 0.0], [0.0, 0.0, 0.0, 0.0, 0.0, 0.0, 0.0, 0.0, 0.0, 0.0, 0.0, 0.0, 0.0, 0.0, 0.0, 0.0, 0.0, 0.0, 0.0, 0.0, 0.0, 0.0, 0.0, 0.0, 0.0, 0.0, 0.0, 0.0, 0.0, 0.0, 43.51874695973881, 35.979489162253614, 55.96499407526136, 36.357659127342934, 10.925223125947875, 36.99153383628101, 36.926055558497964, 11.586671900912572, 32.03464239374802, 15.297799935991238, 42.91570496772274, 48.5402179137426, 37.2256412563644, 9.487497802948251, 47.627216144535126, 18.535716139110587, 15.178169177963358, 6.482884967195478, 18.711381970154694, 27.01556201534243, 0.0, 0.0, 0.0, 0.0, 0.0, 0.0, 0.0, 0.0, 0.0, 0.0, 0.0, 0.0, 0.0, 0.0, 0.0, 0.0, 0.0, 0.0, 0.0, 0.0, 0.0, 0.0, 0.0, 0.0, 0.0, 0.0, 0.0, 0.0, 0.0, 0.0], [0.0, 0.0, 0.0, 0.0, 0.0, 0.0, 0.0, 0.0, 0.0, 0.0, 0.0, 0.0, 0.0, 0.0, 0.0, 0.0, 0.0, 0.0, 0.0, 0.0, 0.0, 0.0, 0.0, 0.0, 0.0, 0.0, 0.0, 0.0, 0.0, 0.0, 43.51874695973881, 35.979489162253614, 55.96499407526136, 36.357659127342934, 10.925223125947875, 36.99153383628101, 36.926055558497964, 11.586671900912572, 32.03464239374802, 15.297799935991238, 42.91570496772274, 48.5402179137426, 37.2256412563644, 9.487497802948251, 47.627216144535126, 18.535716139110587, 15.178169177963358, 6.482884967195478, 18.711381970154694, 27.01556201534243, 0.0, 0.0, 0.0, 0.0, 0.0, 0.0, 0.0, 0.0, 0.0, 0.0, 0.0, 0.0, 0.0, 0.0, 0.0, 0.0, 0.0, 0.0, 0.0, 0.0, 0.0, 0.0, 0.0, 0.0, 0.0, 0.0, 0.0, 0.0, 0.0, 0.0], [0.0, 0.0, 0.0, 0.0, 0.0, 0.0, 0.0, 0.0, 0.0, 0.0, 0.0, 0.0, 0.0, 0.0, 0.0, 0.0, 0.0, 0.0, 0.0, 0.0, 0.0, 0.0, 0.0, 0.0, 0.0, 0.0, 0.0, 0.0, 0.0, 0.0, 43.51874695973881, 35.979489162253614, 55.96499407526136, 36.357659127342934, 10.925223125947875, 36.99153383628101, 36.926055558497964, 11.586671900912572, 32.03464239374802, 15.297799935991238, 42.91570496772274, 48.5402179137426, 37.2256412563644, 9.487497802948251, 47.627216144535126, 18.535716139110587, 15.178169177963358, 6.482884967195478, 18.711381970154694, 27.01556201534243, 0.0, 0.0, 0.0, 0.0, 0.0, 0.0, 0.0, 0.0, 0.0, 0.0, 0.0, 0.0, 0.0, 0.0, 0.0, 0.0, 0.0, 0.0, 0.0, 0.0, 0.0, 0.0, 0.0, 0.0, 0.0, 0.0, 0.0, 0.0, 0.0, 0.0], [0.0, 0.0, 0.0, 0.0, 0.0, 0.0, 0.0, 0.0, 0.0, 0.0, 0.0, 0.0, 0.0, 0.0, 0.0, 0.0, 0.0, 0.0, 0.0, 0.0, 0.0, 0.0, 0.0, 0.0, 0.0, 0.0, 0.0, 0.0, 0.0, 0.0, 43.51874695973881, 35.979489162253614, 55.96499407526136, 36.357659127342934, 10.925223125947875, 36.99153383628101, 36.926055558497964, 11.586671900912572, 32.03464239374802, 15.297799935991238, 42.91570496772274, 48.5402179137426, 37.2256412563644, 9.487497802948251, 47.627216144535126, 18.535716139110587, 15.178169177963358, 6.482884967195478, 18.711381970154694, 27.01556201534243, 0.0, 0.0, 0.0, 0.0, 0.0, 0.0, 0.0, 0.0, 0.0, 0.0, 0.0, 0.0, 0.0, 0.0, 0.0, 0.0, 0.0, 0.0, 0.0, 0.0, 0.0, 0.0, 0.0, 0.0, 0.0, 0.0, 0.0, 0.0, 0.0, 0.0], [0.0, 0.0, 0.0, 0.0, 0.0, 0.0, 0.0, 0.0, 0.0, 0.0, 0.0, 0.0, 0.0, 0.0, 0.0, 0.0, 0.0, 0.0, 0.0, 0.0, 0.0, 0.0, 0.0, 0.0, 0.0, 0.0, 0.0, 0.0, 0.0, 0.0, 43.51874695973881, 35.979489162253614, 55.96499407526136, 36.357659127342934, 10.925223125947875, 36.99153383628101, 36.926055558497964, 11.586671900912572, 32.03464239374802, 15.297799935991238, 42.91570496772274, 48.5402179137426, 37.2256412563644, 9.487497802948251, 47.627216144535126, 18.535716139110587, 15.178169177963358, 6.482884967195478, 18.711381970154694, 27.01556201534243, 0.0, 0.0, 0.0, 0.0, 0.0, 0.0, 0.0, 0.0, 0.0, 0.0, 0.0, 0.0, 0.0, 0.0, 0.0, 0.0, 0.0, 0.0, 0.0, 0.0, 0.0, 0.0, 0.0, 0.0, 0.0, 0.0, 0.0, 0.0, 0.0, 0.0], [0.0, 0.0, 0.0, 0.0, 0.0, 0.0, 0.0, 0.0, 0.0, 0.0, 0.0, 0.0, 0.0, 0.0, 0.0, 0.0, 0.0, 0.0, 0.0, 0.0, 0.0, 0.0, 0.0, 0.0, 0.0, 0.0, 0.0, 0.0, 0.0, 0.0, 43.51874695973881, 35.979489162253614, 55.96499407526136, 36.357659127342934, 10.925223125947875, 36.99153383628101, 36.926055558497964, 11.586671900912572, 32.03464239374802, 15.297799935991238, 42.91570496772274, 48.5402179137426, 37.2256412563644, 9.487497802948251, 47.627216144535126, 18.535716139110587, 15.178169177963358, 6.482884967195478, 18.711381970154694, 27.01556201534243, 0.0, 0.0, 0.0, 0.0, 0.0, 0.0, 0.0, 0.0, 0.0, 0.0, 0.0, 0.0, 0.0, 0.0, 0.0, 0.0, 0.0, 0.0, 0.0, 0.0, 0.0, 0.0, 0.0, 0.0, 0.0, 0.0, 0.0, 0.0, 0.0, 0.0], [0.0, 0.0, 0.0, 0.0, 0.0, 0.0, 0.0, 0.0, 0.0, 0.0, 0.0, 0.0, 0.0, 0.0, 0.0, 0.0, 0.0, 0.0, 0.0, 0.0, 0.0, 0.0, 0.0, 0.0, 0.0, 0.0, 0.0, 0.0, 0.0, 0.0, 43.51874695973881, 35.979489162253614, 55.96499407526136, 36.357659127342934, 10.925223125947875, 36.99153383628101, 36.926055558497964, 11.586671900912572, 32.03464239374802, 15.297799935991238, 42.91570496772274, 48.5402179137426, 37.2256412563644, 9.487497802948251, 47.627216144535126, 18.535716139110587, 15.178169177963358, 6.482884967195478, 18.711381970154694, 27.01556201534243, 0.0, 0.0, 0.0, 0.0, 0.0, 0.0, 0.0, 0.0, 0.0, 0.0, 0.0, 0.0, 0.0, 0.0, 0.0, 0.0, 0.0, 0.0, 0.0, 0.0, 0.0, 0.0, 0.0, 0.0, 0.0, 0.0, 0.0, 0.0, 0.0, 0.0], [0.0, 0.0, 0.0, 0.0, 0.0, 0.0, 0.0, 0.0, 0.0, 0.0, 0.0, 0.0, 0.0, 0.0, 0.0, 0.0, 0.0, 0.0, 0.0, 0.0, 0.0, 0.0, 0.0, 0.0, 0.0, 0.0, 0.0, 0.0, 0.0, 0.0, 43.51874695973881, 35.979489162253614, 55.96499407526136, 36.357659127342934, 10.925223125947875, 36.99153383628101, 36.926055558497964, 11.586671900912572, 32.03464239374802, 15.297799935991238, 42.91570496772274, 48.5402179137426, 37.2256412563644, 9.487497802948251, 47.627216144535126, 18.535716139110587, 15.178169177963358, 6.482884967195478, 18.711381970154694, 27.01556201534243, 0.0, 0.0, 0.0, 0.0, 0.0, 0.0, 0.0, 0.0, 0.0, 0.0, 0.0, 0.0, 0.0, 0.0, 0.0, 0.0, 0.0, 0.0, 0.0, 0.0, 0.0, 0.0, 0.0, 0.0, 0.0, 0.0, 0.0, 0.0, 0.0, 0.0], [0.0, 0.0, 0.0, 0.0, 0.0, 0.0, 0.0, 0.0, 0.0, 0.0, 0.0, 0.0, 0.0, 0.0, 0.0, 0.0, 0.0, 0.0, 0.0, 0.0, 0.0, 0.0, 0.0, 0.0, 0.0, 0.0, 0.0, 0.0, 0.0, 0.0, 43.51874695973881, 35.979489162253614, 55.96499407526136, 36.357659127342934, 10.925223125947875, 36.99153383628101, 36.926055558497964, 11.586671900912572, 32.03464239374802, 15.297799935991238, 42.91570496772274, 48.5402179137426, 37.2256412563644, 9.487497802948251, 47.627216144535126, 18.535716139110587, 15.178169177963358, 6.482884967195478, 18.711381970154694, 27.01556201534243, 0.0, 0.0, 0.0, 0.0, 0.0, 0.0, 0.0, 0.0, 0.0, 0.0, 0.0, 0.0, 0.0, 0.0, 0.0, 0.0, 0.0, 0.0, 0.0, 0.0, 0.0, 0.0, 0.0, 0.0, 0.0, 0.0, 0.0, 0.0, 0.0, 0.0], [0.0, 0.0, 0.0, 0.0, 0.0, 0.0, 0.0, 0.0, 0.0, 0.0, 0.0, 0.0, 0.0, 0.0, 0.0, 0.0, 0.0, 0.0, 0.0, 0.0, 0.0, 0.0, 0.0, 0.0, 0.0, 0.0, 0.0, 0.0, 0.0, 0.0, 43.51874695973881, 35.979489162253614, 55.96499407526136, 36.357659127342934, 10.925223125947875, 36.99153383628101, 36.926055558497964, 11.586671900912572, 32.03464239374802, 15.297799935991238, 42.91570496772274, 48.5402179137426, 37.2256412563644, 9.487497802948251, 47.627216144535126, 18.535716139110587, 15.178169177963358, 6.482884967195478, 18.711381970154694, 27.01556201534243, 0.0, 0.0, 0.0, 0.0, 0.0, 0.0, 0.0, 0.0, 0.0, 0.0, 0.0, 0.0, 0.0, 0.0, 0.0, 0.0, 0.0, 0.0, 0.0, 0.0, 0.0, 0.0, 0.0, 0.0, 0.0, 0.0, 0.0, 0.0, 0.0, 0.0], [0.0, 0.0, 0.0, 0.0, 0.0, 0.0, 0.0, 0.0, 0.0, 0.0, 0.0, 0.0, 0.0, 0.0, 0.0, 0.0, 0.0, 0.0, 0.0, 0.0, 0.0, 0.0, 0.0, 0.0, 0.0, 0.0, 0.0, 0.0, 0.0, 0.0, 43.51874695973881, 35.979489162253614, 55.96499407526136, 36.357659127342934, 10.925223125947875, 36.99153383628101, 36.926055558497964, 11.586671900912572, 32.03464239374802, 15.297799935991238, 42.91570496772274, 48.5402179137426, 37.2256412563644, 9.487497802948251, 47.627216144535126, 18.535716139110587, 15.178169177963358, 6.482884967195478, 18.711381970154694, 27.01556201534243, 0.0, 0.0, 0.0, 0.0, 0.0, 0.0, 0.0, 0.0, 0.0, 0.0, 0.0, 0.0, 0.0, 0.0, 0.0, 0.0, 0.0, 0.0, 0.0, 0.0, 0.0, 0.0, 0.0, 0.0, 0.0, 0.0, 0.0, 0.0, 0.0, 0.0]];
