M = 99999999.0;
numWorkers = 30;
numRoles = 3;
numNodes = 80;
wStart = [0, 0, 0, 0, 0, 0, 0, 0, 0, 0, 0, 0, 0, 0, 0, 0, 0, 0, 0, 0, 0, 0, 0, 0, 0, 0, 0, 0, 0, 0, 120, 270, 90, 180, 150, 180, 180, 120, 150, 180, 90, 90, 300, 90, 90, 180, 90, 270, 90, 120, 480, 480, 480, 480, 480, 480, 480, 480, 480, 480, 480, 480, 480, 480, 480, 480, 480, 480, 480, 480, 480, 480, 480, 480, 480, 480, 480, 480, 480, 480];
wEnd = [0, 0, 0, 0, 0, 0, 0, 0, 0, 0, 0, 0, 0, 0, 0, 0, 0, 0, 0, 0, 0, 0, 0, 0, 0, 0, 0, 0, 0, 0, 450, 390, 210, 330, 300, 270, 360, 360, 360, 360, 330, 300, 330, 180, 180, 360, 300, 390, 330, 360, 480, 480, 480, 480, 480, 480, 480, 480, 480, 480, 480, 480, 480, 480, 480, 480, 480, 480, 480, 480, 480, 480, 480, 480, 480, 480, 480, 480, 480, 480];
p = [0, 0, 0, 0, 0, 0, 0, 0, 0, 0, 0, 0, 0, 0, 0, 0, 0, 0, 0, 0, 0, 0, 0, 0, 0, 0, 0, 0, 0, 0, 43.31342673365937, 20.846162542014525, 64.65212285003106, 65.88948171678518, 38.4310027566788, 64.96028643044497, 17.962049086542898, 57.38170578544289, 18.733637264990172, 63.60006870088343, 21.66890297125568, 35.37155265140962, 42.46721886930797, 74.69259115344455, 37.34629557672228, 8.981024543271449, 17.68577632570481, 10.423081271007263, 10.83445148562784, 28.690852892721445, 0, 0, 0, 0, 0, 0, 0, 0, 0, 0, 0, 0, 0, 0, 0, 0, 0, 0, 0, 0, 0, 0, 0, 0, 0, 0, 0, 0, 0, 0];
e = [[0, 1, 1], [1, 1, 0], [0, 1, 1], [1, 0, 1], [1, 0, 1], [0, 1, 1], [1, 1, 0], [0, 1, 1], [0, 1, 1], [1, 1, 0], [0, 1, 1], [0, 1, 1], [1, 1, 0], [0, 1, 1], [0, 1, 1], [0, 1, 1], [0, 1, 0], [0, 1, 0], [1, 1, 0], [1, 1, 0], [1, 0, 0], [0, 1, 0], [0, 1, 0], [1, 0, 0], [0, 1, 0], [1, 0, 0], [0, 1, 0], [0, 1, 0], [1, 0, 0], [0, 1, 0]];
d = [[0, 1, 1, 3, 1, 1, 3, 1, 0, 3, 0, 1, 1, 1, 2, 6, 2, 2, 0, 2], [2, 0, 0, 0, 0, 0, 0, 0, 2, 0, 2, 0, 0, 0, 0, 0, 0, 0, 4, 0], [0, 1, 1, 0, 1, 1, 0, 0, 0, 0, 0, 1, 1, 1, 2, 0, 2, 2, 0, 0]];
r = [2122, 1696, 2426, 718, 2227, 170, 2988, 4551, 417, 3501, 977, 2816, 2660, 2504, 2504, 2988, 2816, 1696, 977, 4551];
g = [[0, 0, 0, 0, 0, 0, 0, 0, 0, 0, 0, 0, 0, 0, 0, 0, 0, 0, 0, 0], [0, 0, 0, 0, 0, 0, 0, 0, 0, 0, 0, 0, 0, 0, 0, 0, 0, 1, 0, 0], [0, 0, 0, 0, 0, 0, 0, 0, 0, 0, 0, 0, 0, 0, 0, 0, 0, 0, 0, 0], [0, 0, 0, 0, 0, 0, 0, 0, 0, 0, 0, 0, 0, 0, 0, 0, 0, 0, 0, 0], [0, 0, 0, 0, 0, 0, 0, 0, 0, 0, 0, 0, 0, 0, 0, 0, 0, 0, 0, 0], [0, 0, 0, 0, 0, 0, 0, 0, 0, 0, 0, 0, 0, 0, 0, 0, 0, 0, 0, 0], [0, 0, 0, 0, 0, 0, 0, 0, 0, 0, 0, 0, 0, 0, 0, 1, 0, 0, 0, 0], [0, 0, 0, 0, 0, 0, 0, 0, 0, 0, 0, 0, 0, 0, 0, 0, 0, 0, 0, 1], [0, 0, 0, 0, 0, 0, 0, 0, 0, 0, 0, 0, 0, 0, 0, 0, 0, 0, 0, 0], [0, 0, 0, 0, 0, 0, 0, 0, 0, 0, 0, 0, 0, 0, 0, 0, 0, 0, 0, 0], [0, 0, 0, 0, 0, 0, 0, 0, 0, 0, 0, 0, 0, 0, 0, 0, 0, 0, 1, 0], [0, 0, 0, 0, 0, 0, 0, 0, 0, 0, 0, 0, 0, 0, 0, 0, 1, 0, 0, 0], [0, 0, 0, 0, 0, 0, 0, 0, 0, 0, 0, 0, 0, 0, 0, 0, 0, 0, 0, 0], [0, 0, 0, 0, 0, 0, 0, 0, 0, 0, 0, 0, 0, 0, 1, 0, 0, 0, 0, 0], [0, 0, 0, 0, 0, 0, 0, 0, 0, 0, 0, 0, 0, 1, 0, 0, 0, 0, 0, 0], [0, 0, 0, 0, 0, 0, 1, 0, 0, 0, 0, 0, 0, 0, 0, 0, 0, 0, 0, 0], [0, 0, 0, 0, 0, 0, 0, 0, 0, 0, 0, 1, 0, 0, 0, 0, 0, 0, 0, 0], [0, 1, 0, 0, 0, 0, 0, 0, 0, 0, 0, 0, 0, 0, 0, 0, 0, 0, 0, 0], [0, 0, 0, 0, 0, 0, 0, 0, 0, 0, 1, 0, 0, 0, 0, 0, 0, 0, 0, 0], [0, 0, 0, 0, 0, 0, 0, 1, 0, 0, 0, 0, 0, 0, 0, 0, 0, 0, 0, 0]];
t = [[0.0, 0.0, 0.0, 0.0, 0.0, 0.0, 0.0, 0.0, 0.0, 0.0, 0.0, 0.0, 0.0, 0.0, 0.0, 0.0, 0.0, 0.0, 0.0, 0.0, 0.0, 0.0, 0.0, 0.0, 0.0, 0.0, 0.0, 0.0, 0.0, 0.0, 7.371424606867273, 13.882755469642536, 7.599539441221949, 15.38584485110464, 17.218790846347314, 11.772817482096436, 16.67790197409618, 8.02273230054415, 14.42624874031402, 18.14326433688494, 11.669647957165296, 13.351931525484776, 4.632983249537839, 14.901389552298811, 14.901389552298811, 16.67790197409618, 13.351931525484776, 13.882755469642536, 11.669647957165296, 8.02273230054415, 0.0, 0.0, 0.0, 0.0, 0.0, 0.0, 0.0, 0.0, 0.0, 0.0, 0.0, 0.0, 0.0, 0.0, 0.0, 0.0, 0.0, 0.0, 0.0, 0.0, 0.0, 0.0, 0.0, 0.0, 0.0, 0.0, 0.0, 0.0, 0.0, 0.0], [0.0, 0.0, 0.0, 0.0, 0.0, 0.0, 0.0, 0.0, 0.0, 0.0, 0.0, 0.0, 0.0, 0.0, 0.0, 0.0, 0.0, 0.0, 0.0, 0.0, 0.0, 0.0, 0.0, 0.0, 0.0, 0.0, 0.0, 0.0, 0.0, 0.0, 7.371424606867273, 13.882755469642536, 7.599539441221949, 15.38584485110464, 17.218790846347314, 11.772817482096436, 16.67790197409618, 8.02273230054415, 14.42624874031402, 18.14326433688494, 11.669647957165296, 13.351931525484776, 4.632983249537839, 14.901389552298811, 14.901389552298811, 16.67790197409618, 13.351931525484776, 13.882755469642536, 11.669647957165296, 8.02273230054415, 0.0, 0.0, 0.0, 0.0, 0.0, 0.0, 0.0, 0.0, 0.0, 0.0, 0.0, 0.0, 0.0, 0.0, 0.0, 0.0, 0.0, 0.0, 0.0, 0.0, 0.0, 0.0, 0.0, 0.0, 0.0, 0.0, 0.0, 0.0, 0.0, 0.0], [0.0, 0.0, 0.0, 0.0, 0.0, 0.0, 0.0, 0.0, 0.0, 0.0, 0.0, 0.0, 0.0, 0.0, 0.0, 0.0, 0.0, 0.0, 0.0, 0.0, 0.0, 0.0, 0.0, 0.0, 0.0, 0.0, 0.0, 0.0, 0.0, 0.0, 7.371424606867273, 13.882755469642536, 7.599539441221949, 15.38584485110464, 17.218790846347314, 11.772817482096436, 16.67790197409618, 8.02273230054415, 14.42624874031402, 18.14326433688494, 11.669647957165296, 13.351931525484776, 4.632983249537839, 14.901389552298811, 14.901389552298811, 16.67790197409618, 13.351931525484776, 13.882755469642536, 11.669647957165296, 8.02273230054415, 0.0, 0.0, 0.0, 0.0, 0.0, 0.0, 0.0, 0.0, 0.0, 0.0, 0.0, 0.0, 0.0, 0.0, 0.0, 0.0, 0.0, 0.0, 0.0, 0.0, 0.0, 0.0, 0.0, 0.0, 0.0, 0.0, 0.0, 0.0, 0.0, 0.0], [0.0, 0.0, 0.0, 0.0, 0.0, 0.0, 0.0, 0.0, 0.0, 0.0, 0.0, 0.0, 0.0, 0.0, 0.0, 0.0, 0.0, 0.0, 0.0, 0.0, 0.0, 0.0, 0.0, 0.0, 0.0, 0.0, 0.0, 0.0, 0.0, 0.0, 7.371424606867273, 13.882755469642536, 7.599539441221949, 15.38584485110464, 17.218790846347314, 11.772817482096436, 16.67790197409618, 8.02273230054415, 14.42624874031402, 18.14326433688494, 11.669647957165296, 13.351931525484776, 4.632983249537839, 14.901389552298811, 14.901389552298811, 16.67790197409618, 13.351931525484776, 13.882755469642536, 11.669647957165296, 8.02273230054415, 0.0, 0.0, 0.0, 0.0, 0.0, 0.0, 0.0, 0.0, 0.0, 0.0, 0.0, 0.0, 0.0, 0.0, 0.0, 0.0, 0.0, 0.0, 0.0, 0.0, 0.0, 0.0, 0.0, 0.0, 0.0, 0.0, 0.0, 0.0, 0.0, 0.0], [0.0, 0.0, 0.0, 0.0, 0.0, 0.0, 0.0, 0.0, 0.0, 0.0, 0.0, 0.0, 0.0, 0.0, 0.0, 0.0, 0.0, 0.0, 0.0, 0.0, 0.0, 0.0, 0.0, 0.0, 0.0, 0.0, 0.0, 0.0, 0.0, 0.0, 7.371424606867273, 13.882755469642536, 7.599539441221949, 15.38584485110464, 17.218790846347314, 11.772817482096436, 16.67790197409618, 8.02273230054415, 14.42624874031402, 18.14326433688494, 11.669647957165296, 13.351931525484776, 4.632983249537839, 14.901389552298811, 14.901389552298811, 16.67790197409618, 13.351931525484776, 13.882755469642536, 11.669647957165296, 8.02273230054415, 0.0, 0.0, 0.0, 0.0, 0.0, 0.0, 0.0, 0.0, 0.0, 0.0, 0.0, 0.0, 0.0, 0.0, 0.0, 0.0, 0.0, 0.0, 0.0, 0.0, 0.0, 0.0, 0.0, 0.0, 0.0, 0.0, 0.0, 0.0, 0.0, 0.0], [0.0, 0.0, 0.0, 0.0, 0.0, 0.0, 0.0, 0.0, 0.0, 0.0, 0.0, 0.0, 0.0, 0.0, 0.0, 0.0, 0.0, 0.0, 0.0, 0.0, 0.0, 0.0, 0.0, 0.0, 0.0, 0.0, 0.0, 0.0, 0.0, 0.0, 7.371424606867273, 13.882755469642536, 7.599539441221949, 15.38584485110464, 17.218790846347314, 11.772817482096436, 16.67790197409618, 8.02273230054415, 14.42624874031402, 18.14326433688494, 11.669647957165296, 13.351931525484776, 4.632983249537839, 14.901389552298811, 14.901389552298811, 16.67790197409618, 13.351931525484776, 13.882755469642536, 11.669647957165296, 8.02273230054415, 0.0, 0.0, 0.0, 0.0, 0.0, 0.0, 0.0, 0.0, 0.0, 0.0, 0.0, 0.0, 0.0, 0.0, 0.0, 0.0, 0.0, 0.0, 0.0, 0.0, 0.0, 0.0, 0.0, 0.0, 0.0, 0.0, 0.0, 0.0, 0.0, 0.0], [0.0, 0.0, 0.0, 0.0, 0.0, 0.0, 0.0, 0.0, 0.0, 0.0, 0.0, 0.0, 0.0, 0.0, 0.0, 0.0, 0.0, 0.0, 0.0, 0.0, 0.0, 0.0, 0.0, 0.0, 0.0, 0.0, 0.0, 0.0, 0.0, 0.0, 7.371424606867273, 13.882755469642536, 7.599539441221949, 15.38584485110464, 17.218790846347314, 11.772817482096436, 16.67790197409618, 8.02273230054415, 14.42624874031402, 18.14326433688494, 11.669647957165296, 13.351931525484776, 4.632983249537839, 14.901389552298811, 14.901389552298811, 16.67790197409618, 13.351931525484776, 13.882755469642536, 11.669647957165296, 8.02273230054415, 0.0, 0.0, 0.0, 0.0, 0.0, 0.0, 0.0, 0.0, 0.0, 0.0, 0.0, 0.0, 0.0, 0.0, 0.0, 0.0, 0.0, 0.0, 0.0, 0.0, 0.0, 0.0, 0.0, 0.0, 0.0, 0.0, 0.0, 0.0, 0.0, 0.0], [0.0, 0.0, 0.0, 0.0, 0.0, 0.0, 0.0, 0.0, 0.0, 0.0, 0.0, 0.0, 0.0, 0.0, 0.0, 0.0, 0.0, 0.0, 0.0, 0.0, 0.0, 0.0, 0.0, 0.0, 0.0, 0.0, 0.0, 0.0, 0.0, 0.0, 7.371424606867273, 13.882755469642536, 7.599539441221949, 15.38584485110464, 17.218790846347314, 11.772817482096436, 16.67790197409618, 8.02273230054415, 14.42624874031402, 18.14326433688494, 11.669647957165296, 13.351931525484776, 4.632983249537839, 14.901389552298811, 14.901389552298811, 16.67790197409618, 13.351931525484776, 13.882755469642536, 11.669647957165296, 8.02273230054415, 0.0, 0.0, 0.0, 0.0, 0.0, 0.0, 0.0, 0.0, 0.0, 0.0, 0.0, 0.0, 0.0, 0.0, 0.0, 0.0, 0.0, 0.0, 0.0, 0.0, 0.0, 0.0, 0.0, 0.0, 0.0, 0.0, 0.0, 0.0, 0.0, 0.0], [0.0, 0.0, 0.0, 0.0, 0.0, 0.0, 0.0, 0.0, 0.0, 0.0, 0.0, 0.0, 0.0, 0.0, 0.0, 0.0, 0.0, 0.0, 0.0, 0.0, 0.0, 0.0, 0.0, 0.0, 0.0, 0.0, 0.0, 0.0, 0.0, 0.0, 7.371424606867273, 13.882755469642536, 7.599539441221949, 15.38584485110464, 17.218790846347314, 11.772817482096436, 16.67790197409618, 8.02273230054415, 14.42624874031402, 18.14326433688494, 11.669647957165296, 13.351931525484776, 4.632983249537839, 14.901389552298811, 14.901389552298811, 16.67790197409618, 13.351931525484776, 13.882755469642536, 11.669647957165296, 8.02273230054415, 0.0, 0.0, 0.0, 0.0, 0.0, 0.0, 0.0, 0.0, 0.0, 0.0, 0.0, 0.0, 0.0, 0.0, 0.0, 0.0, 0.0, 0.0, 0.0, 0.0, 0.0, 0.0, 0.0, 0.0, 0.0, 0.0, 0.0, 0.0, 0.0, 0.0], [0.0, 0.0, 0.0, 0.0, 0.0, 0.0, 0.0, 0.0, 0.0, 0.0, 0.0, 0.0, 0.0, 0.0, 0.0, 0.0, 0.0, 0.0, 0.0, 0.0, 0.0, 0.0, 0.0, 0.0, 0.0, 0.0, 0.0, 0.0, 0.0, 0.0, 7.371424606867273, 13.882755469642536, 7.599539441221949, 15.38584485110464, 17.218790846347314, 11.772817482096436, 16.67790197409618, 8.02273230054415, 14.42624874031402, 18.14326433688494, 11.669647957165296, 13.351931525484776, 4.632983249537839, 14.901389552298811, 14.901389552298811, 16.67790197409618, 13.351931525484776, 13.882755469642536, 11.669647957165296, 8.02273230054415, 0.0, 0.0, 0.0, 0.0, 0.0, 0.0, 0.0, 0.0, 0.0, 0.0, 0.0, 0.0, 0.0, 0.0, 0.0, 0.0, 0.0, 0.0, 0.0, 0.0, 0.0, 0.0, 0.0, 0.0, 0.0, 0.0, 0.0, 0.0, 0.0, 0.0], [0.0, 0.0, 0.0, 0.0, 0.0, 0.0, 0.0, 0.0, 0.0, 0.0, 0.0, 0.0, 0.0, 0.0, 0.0, 0.0, 0.0, 0.0, 0.0, 0.0, 0.0, 0.0, 0.0, 0.0, 0.0, 0.0, 0.0, 0.0, 0.0, 0.0, 7.371424606867273, 13.882755469642536, 7.599539441221949, 15.38584485110464, 17.218790846347314, 11.772817482096436, 16.67790197409618, 8.02273230054415, 14.42624874031402, 18.14326433688494, 11.669647957165296, 13.351931525484776, 4.632983249537839, 14.901389552298811, 14.901389552298811, 16.67790197409618, 13.351931525484776, 13.882755469642536, 11.669647957165296, 8.02273230054415, 0.0, 0.0, 0.0, 0.0, 0.0, 0.0, 0.0, 0.0, 0.0, 0.0, 0.0, 0.0, 0.0, 0.0, 0.0, 0.0, 0.0, 0.0, 0.0, 0.0, 0.0, 0.0, 0.0, 0.0, 0.0, 0.0, 0.0, 0.0, 0.0, 0.0], [0.0, 0.0, 0.0, 0.0, 0.0, 0.0, 0.0, 0.0, 0.0, 0.0, 0.0, 0.0, 0.0, 0.0, 0.0, 0.0, 0.0, 0.0, 0.0, 0.0, 0.0, 0.0, 0.0, 0.0, 0.0, 0.0, 0.0, 0.0, 0.0, 0.0, 7.371424606867273, 13.882755469642536, 7.599539441221949, 15.38584485110464, 17.218790846347314, 11.772817482096436, 16.67790197409618, 8.02273230054415, 14.42624874031402, 18.14326433688494, 11.669647957165296, 13.351931525484776, 4.632983249537839, 14.901389552298811, 14.901389552298811, 16.67790197409618, 13.351931525484776, 13.882755469642536, 11.669647957165296, 8.02273230054415, 0.0, 0.0, 0.0, 0.0, 0.0, 0.0, 0.0, 0.0, 0.0, 0.0, 0.0, 0.0, 0.0, 0.0, 0.0, 0.0, 0.0, 0.0, 0.0, 0.0, 0.0, 0.0, 0.0, 0.0, 0.0, 0.0, 0.0, 0.0, 0.0, 0.0], [0.0, 0.0, 0.0, 0.0, 0.0, 0.0, 0.0, 0.0, 0.0, 0.0, 0.0, 0.0, 0.0, 0.0, 0.0, 0.0, 0.0, 0.0, 0.0, 0.0, 0.0, 0.0, 0.0, 0.0, 0.0, 0.0, 0.0, 0.0, 0.0, 0.0, 7.371424606867273, 13.882755469642536, 7.599539441221949, 15.38584485110464, 17.218790846347314, 11.772817482096436, 16.67790197409618, 8.02273230054415, 14.42624874031402, 18.14326433688494, 11.669647957165296, 13.351931525484776, 4.632983249537839, 14.901389552298811, 14.901389552298811, 16.67790197409618, 13.351931525484776, 13.882755469642536, 11.669647957165296, 8.02273230054415, 0.0, 0.0, 0.0, 0.0, 0.0, 0.0, 0.0, 0.0, 0.0, 0.0, 0.0, 0.0, 0.0, 0.0, 0.0, 0.0, 0.0, 0.0, 0.0, 0.0, 0.0, 0.0, 0.0, 0.0, 0.0, 0.0, 0.0, 0.0, 0.0, 0.0], [0.0, 0.0, 0.0, 0.0, 0.0, 0.0, 0.0, 0.0, 0.0, 0.0, 0.0, 0.0, 0.0, 0.0, 0.0, 0.0, 0.0, 0.0, 0.0, 0.0, 0.0, 0.0, 0.0, 0.0, 0.0, 0.0, 0.0, 0.0, 0.0, 0.0, 7.371424606867273, 13.882755469642536, 7.599539441221949, 15.38584485110464, 17.218790846347314, 11.772817482096436, 16.67790197409618, 8.02273230054415, 14.42624874031402, 18.14326433688494, 11.669647957165296, 13.351931525484776, 4.632983249537839, 14.901389552298811, 14.901389552298811, 16.67790197409618, 13.351931525484776, 13.882755469642536, 11.669647957165296, 8.02273230054415, 0.0, 0.0, 0.0, 0.0, 0.0, 0.0, 0.0, 0.0, 0.0, 0.0, 0.0, 0.0, 0.0, 0.0, 0.0, 0.0, 0.0, 0.0, 0.0, 0.0, 0.0, 0.0, 0.0, 0.0, 0.0, 0.0, 0.0, 0.0, 0.0, 0.0], [0.0, 0.0, 0.0, 0.0, 0.0, 0.0, 0.0, 0.0, 0.0, 0.0, 0.0, 0.0, 0.0, 0.0, 0.0, 0.0, 0.0, 0.0, 0.0, 0.0, 0.0, 0.0, 0.0, 0.0, 0.0, 0.0, 0.0, 0.0, 0.0, 0.0, 7.371424606867273, 13.882755469642536, 7.599539441221949, 15.38584485110464, 17.218790846347314, 11.772817482096436, 16.67790197409618, 8.02273230054415, 14.42624874031402, 18.14326433688494, 11.669647957165296, 13.351931525484776, 4.632983249537839, 14.901389552298811, 14.901389552298811, 16.67790197409618, 13.351931525484776, 13.882755469642536, 11.669647957165296, 8.02273230054415, 0.0, 0.0, 0.0, 0.0, 0.0, 0.0, 0.0, 0.0, 0.0, 0.0, 0.0, 0.0, 0.0, 0.0, 0.0, 0.0, 0.0, 0.0, 0.0, 0.0, 0.0, 0.0, 0.0, 0.0, 0.0, 0.0, 0.0, 0.0, 0.0, 0.0], [0.0, 0.0, 0.0, 0.0, 0.0, 0.0, 0.0, 0.0, 0.0, 0.0, 0.0, 0.0, 0.0, 0.0, 0.0, 0.0, 0.0, 0.0, 0.0, 0.0, 0.0, 0.0, 0.0, 0.0, 0.0, 0.0, 0.0, 0.0, 0.0, 0.0, 7.371424606867273, 13.882755469642536, 7.599539441221949, 15.38584485110464, 17.218790846347314, 11.772817482096436, 16.67790197409618, 8.02273230054415, 14.42624874031402, 18.14326433688494, 11.669647957165296, 13.351931525484776, 4.632983249537839, 14.901389552298811, 14.901389552298811, 16.67790197409618, 13.351931525484776, 13.882755469642536, 11.669647957165296, 8.02273230054415, 0.0, 0.0, 0.0, 0.0, 0.0, 0.0, 0.0, 0.0, 0.0, 0.0, 0.0, 0.0, 0.0, 0.0, 0.0, 0.0, 0.0, 0.0, 0.0, 0.0, 0.0, 0.0, 0.0, 0.0, 0.0, 0.0, 0.0, 0.0, 0.0, 0.0], [0.0, 0.0, 0.0, 0.0, 0.0, 0.0, 0.0, 0.0, 0.0, 0.0, 0.0, 0.0, 0.0, 0.0, 0.0, 0.0, 0.0, 0.0, 0.0, 0.0, 0.0, 0.0, 0.0, 0.0, 0.0, 0.0, 0.0, 0.0, 0.0, 0.0, 7.371424606867273, 13.882755469642536, 7.599539441221949, 15.38584485110464, 17.218790846347314, 11.772817482096436, 16.67790197409618, 8.02273230054415, 14.42624874031402, 18.14326433688494, 11.669647957165296, 13.351931525484776, 4.632983249537839, 14.901389552298811, 14.901389552298811, 16.67790197409618, 13.351931525484776, 13.882755469642536, 11.669647957165296, 8.02273230054415, 0.0, 0.0, 0.0, 0.0, 0.0, 0.0, 0.0, 0.0, 0.0, 0.0, 0.0, 0.0, 0.0, 0.0, 0.0, 0.0, 0.0, 0.0, 0.0, 0.0, 0.0, 0.0, 0.0, 0.0, 0.0, 0.0, 0.0, 0.0, 0.0, 0.0], [0.0, 0.0, 0.0, 0.0, 0.0, 0.0, 0.0, 0.0, 0.0, 0.0, 0.0, 0.0, 0.0, 0.0, 0.0, 0.0, 0.0, 0.0, 0.0, 0.0, 0.0, 0.0, 0.0, 0.0, 0.0, 0.0, 0.0, 0.0, 0.0, 0.0, 7.371424606867273, 13.882755469642536, 7.599539441221949, 15.38584485110464, 17.218790846347314, 11.772817482096436, 16.67790197409618, 8.02273230054415, 14.42624874031402, 18.14326433688494, 11.669647957165296, 13.351931525484776, 4.632983249537839, 14.901389552298811, 14.901389552298811, 16.67790197409618, 13.351931525484776, 13.882755469642536, 11.669647957165296, 8.02273230054415, 0.0, 0.0, 0.0, 0.0, 0.0, 0.0, 0.0, 0.0, 0.0, 0.0, 0.0, 0.0, 0.0, 0.0, 0.0, 0.0, 0.0, 0.0, 0.0, 0.0, 0.0, 0.0, 0.0, 0.0, 0.0, 0.0, 0.0, 0.0, 0.0, 0.0], [0.0, 0.0, 0.0, 0.0, 0.0, 0.0, 0.0, 0.0, 0.0, 0.0, 0.0, 0.0, 0.0, 0.0, 0.0, 0.0, 0.0, 0.0, 0.0, 0.0, 0.0, 0.0, 0.0, 0.0, 0.0, 0.0, 0.0, 0.0, 0.0, 0.0, 7.371424606867273, 13.882755469642536, 7.599539441221949, 15.38584485110464, 17.218790846347314, 11.772817482096436, 16.67790197409618, 8.02273230054415, 14.42624874031402, 18.14326433688494, 11.669647957165296, 13.351931525484776, 4.632983249537839, 14.901389552298811, 14.901389552298811, 16.67790197409618, 13.351931525484776, 13.882755469642536, 11.669647957165296, 8.02273230054415, 0.0, 0.0, 0.0, 0.0, 0.0, 0.0, 0.0, 0.0, 0.0, 0.0, 0.0, 0.0, 0.0, 0.0, 0.0, 0.0, 0.0, 0.0, 0.0, 0.0, 0.0, 0.0, 0.0, 0.0, 0.0, 0.0, 0.0, 0.0, 0.0, 0.0], [0.0, 0.0, 0.0, 0.0, 0.0, 0.0, 0.0, 0.0, 0.0, 0.0, 0.0, 0.0, 0.0, 0.0, 0.0, 0.0, 0.0, 0.0, 0.0, 0.0, 0.0, 0.0, 0.0, 0.0, 0.0, 0.0, 0.0, 0.0, 0.0, 0.0, 7.371424606867273, 13.882755469642536, 7.599539441221949, 15.38584485110464, 17.218790846347314, 11.772817482096436, 16.67790197409618, 8.02273230054415, 14.42624874031402, 18.14326433688494, 11.669647957165296, 13.351931525484776, 4.632983249537839, 14.901389552298811, 14.901389552298811, 16.67790197409618, 13.351931525484776, 13.882755469642536, 11.669647957165296, 8.02273230054415, 0.0, 0.0, 0.0, 0.0, 0.0, 0.0, 0.0, 0.0, 0.0, 0.0, 0.0, 0.0, 0.0, 0.0, 0.0, 0.0, 0.0, 0.0, 0.0, 0.0, 0.0, 0.0, 0.0, 0.0, 0.0, 0.0, 0.0, 0.0, 0.0, 0.0], [0.0, 0.0, 0.0, 0.0, 0.0, 0.0, 0.0, 0.0, 0.0, 0.0, 0.0, 0.0, 0.0, 0.0, 0.0, 0.0, 0.0, 0.0, 0.0, 0.0, 0.0, 0.0, 0.0, 0.0, 0.0, 0.0, 0.0, 0.0, 0.0, 0.0, 7.371424606867273, 13.882755469642536, 7.599539441221949, 15.38584485110464, 17.218790846347314, 11.772817482096436, 16.67790197409618, 8.02273230054415, 14.42624874031402, 18.14326433688494, 11.669647957165296, 13.351931525484776, 4.632983249537839, 14.901389552298811, 14.901389552298811, 16.67790197409618, 13.351931525484776, 13.882755469642536, 11.669647957165296, 8.02273230054415, 0.0, 0.0, 0.0, 0.0, 0.0, 0.0, 0.0, 0.0, 0.0, 0.0, 0.0, 0.0, 0.0, 0.0, 0.0, 0.0, 0.0, 0.0, 0.0, 0.0, 0.0, 0.0, 0.0, 0.0, 0.0, 0.0, 0.0, 0.0, 0.0, 0.0], [0.0, 0.0, 0.0, 0.0, 0.0, 0.0, 0.0, 0.0, 0.0, 0.0, 0.0, 0.0, 0.0, 0.0, 0.0, 0.0, 0.0, 0.0, 0.0, 0.0, 0.0, 0.0, 0.0, 0.0, 0.0, 0.0, 0.0, 0.0, 0.0, 0.0, 7.371424606867273, 13.882755469642536, 7.599539441221949, 15.38584485110464, 17.218790846347314, 11.772817482096436, 16.67790197409618, 8.02273230054415, 14.42624874031402, 18.14326433688494, 11.669647957165296, 13.351931525484776, 4.632983249537839, 14.901389552298811, 14.901389552298811, 16.67790197409618, 13.351931525484776, 13.882755469642536, 11.669647957165296, 8.02273230054415, 0.0, 0.0, 0.0, 0.0, 0.0, 0.0, 0.0, 0.0, 0.0, 0.0, 0.0, 0.0, 0.0, 0.0, 0.0, 0.0, 0.0, 0.0, 0.0, 0.0, 0.0, 0.0, 0.0, 0.0, 0.0, 0.0, 0.0, 0.0, 0.0, 0.0], [0.0, 0.0, 0.0, 0.0, 0.0, 0.0, 0.0, 0.0, 0.0, 0.0, 0.0, 0.0, 0.0, 0.0, 0.0, 0.0, 0.0, 0.0, 0.0, 0.0, 0.0, 0.0, 0.0, 0.0, 0.0, 0.0, 0.0, 0.0, 0.0, 0.0, 7.371424606867273, 13.882755469642536, 7.599539441221949, 15.38584485110464, 17.218790846347314, 11.772817482096436, 16.67790197409618, 8.02273230054415, 14.42624874031402, 18.14326433688494, 11.669647957165296, 13.351931525484776, 4.632983249537839, 14.901389552298811, 14.901389552298811, 16.67790197409618, 13.351931525484776, 13.882755469642536, 11.669647957165296, 8.02273230054415, 0.0, 0.0, 0.0, 0.0, 0.0, 0.0, 0.0, 0.0, 0.0, 0.0, 0.0, 0.0, 0.0, 0.0, 0.0, 0.0, 0.0, 0.0, 0.0, 0.0, 0.0, 0.0, 0.0, 0.0, 0.0, 0.0, 0.0, 0.0, 0.0, 0.0], [0.0, 0.0, 0.0, 0.0, 0.0, 0.0, 0.0, 0.0, 0.0, 0.0, 0.0, 0.0, 0.0, 0.0, 0.0, 0.0, 0.0, 0.0, 0.0, 0.0, 0.0, 0.0, 0.0, 0.0, 0.0, 0.0, 0.0, 0.0, 0.0, 0.0, 7.371424606867273, 13.882755469642536, 7.599539441221949, 15.38584485110464, 17.218790846347314, 11.772817482096436, 16.67790197409618, 8.02273230054415, 14.42624874031402, 18.14326433688494, 11.669647957165296, 13.351931525484776, 4.632983249537839, 14.901389552298811, 14.901389552298811, 16.67790197409618, 13.351931525484776, 13.882755469642536, 11.669647957165296, 8.02273230054415, 0.0, 0.0, 0.0, 0.0, 0.0, 0.0, 0.0, 0.0, 0.0, 0.0, 0.0, 0.0, 0.0, 0.0, 0.0, 0.0, 0.0, 0.0, 0.0, 0.0, 0.0, 0.0, 0.0, 0.0, 0.0, 0.0, 0.0, 0.0, 0.0, 0.0], [0.0, 0.0, 0.0, 0.0, 0.0, 0.0, 0.0, 0.0, 0.0, 0.0, 0.0, 0.0, 0.0, 0.0, 0.0, 0.0, 0.0, 0.0, 0.0, 0.0, 0.0, 0.0, 0.0, 0.0, 0.0, 0.0, 0.0, 0.0, 0.0, 0.0, 7.371424606867273, 13.882755469642536, 7.599539441221949, 15.38584485110464, 17.218790846347314, 11.772817482096436, 16.67790197409618, 8.02273230054415, 14.42624874031402, 18.14326433688494, 11.669647957165296, 13.351931525484776, 4.632983249537839, 14.901389552298811, 14.901389552298811, 16.67790197409618, 13.351931525484776, 13.882755469642536, 11.669647957165296, 8.02273230054415, 0.0, 0.0, 0.0, 0.0, 0.0, 0.0, 0.0, 0.0, 0.0, 0.0, 0.0, 0.0, 0.0, 0.0, 0.0, 0.0, 0.0, 0.0, 0.0, 0.0, 0.0, 0.0, 0.0, 0.0, 0.0, 0.0, 0.0, 0.0, 0.0, 0.0], [0.0, 0.0, 0.0, 0.0, 0.0, 0.0, 0.0, 0.0, 0.0, 0.0, 0.0, 0.0, 0.0, 0.0, 0.0, 0.0, 0.0, 0.0, 0.0, 0.0, 0.0, 0.0, 0.0, 0.0, 0.0, 0.0, 0.0, 0.0, 0.0, 0.0, 7.371424606867273, 13.882755469642536, 7.599539441221949, 15.38584485110464, 17.218790846347314, 11.772817482096436, 16.67790197409618, 8.02273230054415, 14.42624874031402, 18.14326433688494, 11.669647957165296, 13.351931525484776, 4.632983249537839, 14.901389552298811, 14.901389552298811, 16.67790197409618, 13.351931525484776, 13.882755469642536, 11.669647957165296, 8.02273230054415, 0.0, 0.0, 0.0, 0.0, 0.0, 0.0, 0.0, 0.0, 0.0, 0.0, 0.0, 0.0, 0.0, 0.0, 0.0, 0.0, 0.0, 0.0, 0.0, 0.0, 0.0, 0.0, 0.0, 0.0, 0.0, 0.0, 0.0, 0.0, 0.0, 0.0], [0.0, 0.0, 0.0, 0.0, 0.0, 0.0, 0.0, 0.0, 0.0, 0.0, 0.0, 0.0, 0.0, 0.0, 0.0, 0.0, 0.0, 0.0, 0.0, 0.0, 0.0, 0.0, 0.0, 0.0, 0.0, 0.0, 0.0, 0.0, 0.0, 0.0, 7.371424606867273, 13.882755469642536, 7.599539441221949, 15.38584485110464, 17.218790846347314, 11.772817482096436, 16.67790197409618, 8.02273230054415, 14.42624874031402, 18.14326433688494, 11.669647957165296, 13.351931525484776, 4.632983249537839, 14.901389552298811, 14.901389552298811, 16.67790197409618, 13.351931525484776, 13.882755469642536, 11.669647957165296, 8.02273230054415, 0.0, 0.0, 0.0, 0.0, 0.0, 0.0, 0.0, 0.0, 0.0, 0.0, 0.0, 0.0, 0.0, 0.0, 0.0, 0.0, 0.0, 0.0, 0.0, 0.0, 0.0, 0.0, 0.0, 0.0, 0.0, 0.0, 0.0, 0.0, 0.0, 0.0], [0.0, 0.0, 0.0, 0.0, 0.0, 0.0, 0.0, 0.0, 0.0, 0.0, 0.0, 0.0, 0.0, 0.0, 0.0, 0.0, 0.0, 0.0, 0.0, 0.0, 0.0, 0.0, 0.0, 0.0, 0.0, 0.0, 0.0, 0.0, 0.0, 0.0, 7.371424606867273, 13.882755469642536, 7.599539441221949, 15.38584485110464, 17.218790846347314, 11.772817482096436, 16.67790197409618, 8.02273230054415, 14.42624874031402, 18.14326433688494, 11.669647957165296, 13.351931525484776, 4.632983249537839, 14.901389552298811, 14.901389552298811, 16.67790197409618, 13.351931525484776, 13.882755469642536, 11.669647957165296, 8.02273230054415, 0.0, 0.0, 0.0, 0.0, 0.0, 0.0, 0.0, 0.0, 0.0, 0.0, 0.0, 0.0, 0.0, 0.0, 0.0, 0.0, 0.0, 0.0, 0.0, 0.0, 0.0, 0.0, 0.0, 0.0, 0.0, 0.0, 0.0, 0.0, 0.0, 0.0], [0.0, 0.0, 0.0, 0.0, 0.0, 0.0, 0.0, 0.0, 0.0, 0.0, 0.0, 0.0, 0.0, 0.0, 0.0, 0.0, 0.0, 0.0, 0.0, 0.0, 0.0, 0.0, 0.0, 0.0, 0.0, 0.0, 0.0, 0.0, 0.0, 0.0, 7.371424606867273, 13.882755469642536, 7.599539441221949, 15.38584485110464, 17.218790846347314, 11.772817482096436, 16.67790197409618, 8.02273230054415, 14.42624874031402, 18.14326433688494, 11.669647957165296, 13.351931525484776, 4.632983249537839, 14.901389552298811, 14.901389552298811, 16.67790197409618, 13.351931525484776, 13.882755469642536, 11.669647957165296, 8.02273230054415, 0.0, 0.0, 0.0, 0.0, 0.0, 0.0, 0.0, 0.0, 0.0, 0.0, 0.0, 0.0, 0.0, 0.0, 0.0, 0.0, 0.0, 0.0, 0.0, 0.0, 0.0, 0.0, 0.0, 0.0, 0.0, 0.0, 0.0, 0.0, 0.0, 0.0], [0.0, 0.0, 0.0, 0.0, 0.0, 0.0, 0.0, 0.0, 0.0, 0.0, 0.0, 0.0, 0.0, 0.0, 0.0, 0.0, 0.0, 0.0, 0.0, 0.0, 0.0, 0.0, 0.0, 0.0, 0.0, 0.0, 0.0, 0.0, 0.0, 0.0, 7.371424606867273, 13.882755469642536, 7.599539441221949, 15.38584485110464, 17.218790846347314, 11.772817482096436, 16.67790197409618, 8.02273230054415, 14.42624874031402, 18.14326433688494, 11.669647957165296, 13.351931525484776, 4.632983249537839, 14.901389552298811, 14.901389552298811, 16.67790197409618, 13.351931525484776, 13.882755469642536, 11.669647957165296, 8.02273230054415, 0.0, 0.0, 0.0, 0.0, 0.0, 0.0, 0.0, 0.0, 0.0, 0.0, 0.0, 0.0, 0.0, 0.0, 0.0, 0.0, 0.0, 0.0, 0.0, 0.0, 0.0, 0.0, 0.0, 0.0, 0.0, 0.0, 0.0, 0.0, 0.0, 0.0], [7.371424606867273, 7.371424606867273, 7.371424606867273, 7.371424606867273, 7.371424606867273, 7.371424606867273, 7.371424606867273, 7.371424606867273, 7.371424606867273, 7.371424606867273, 7.371424606867273, 7.371424606867273, 7.371424606867273, 7.371424606867273, 7.371424606867273, 7.371424606867273, 7.371424606867273, 7.371424606867273, 7.371424606867273, 7.371424606867273, 7.371424606867273, 7.371424606867273, 7.371424606867273, 7.371424606867273, 7.371424606867273, 7.371424606867273, 7.371424606867273, 7.371424606867273, 7.371424606867273, 7.371424606867273, 0.0, 13.428529508797485, 14.848541274675153, 22.730100612629226, 22.11703984329002, 7.323912293197567, 23.517336172045148, 14.393245571111144, 19.61780085137202, 21.664626091960795, 17.72345950546795, 8.403528166138262, 7.132854155376139, 18.614878840349927, 18.614878840349927, 23.517336172045148, 8.403528166138262, 13.428529508797485, 17.72345950546795, 14.393245571111144, 7.371424606867273, 7.371424606867273, 7.371424606867273, 7.371424606867273, 7.371424606867273, 7.371424606867273, 7.371424606867273, 7.371424606867273, 7.371424606867273, 7.371424606867273, 7.371424606867273, 7.371424606867273, 7.371424606867273, 7.371424606867273, 7.371424606867273, 7.371424606867273, 7.371424606867273, 7.371424606867273, 7.371424606867273, 7.371424606867273, 7.371424606867273, 7.371424606867273, 7.371424606867273, 7.371424606867273, 7.371424606867273, 7.371424606867273, 7.371424606867273, 7.371424606867273, 7.371424606867273, 7.371424606867273], [13.882755469642536, 13.882755469642536, 13.882755469642536, 13.882755469642536, 13.882755469642536, 13.882755469642536, 13.882755469642536, 13.882755469642536, 13.882755469642536, 13.882755469642536, 13.882755469642536, 13.882755469642536, 13.882755469642536, 13.882755469642536, 13.882755469642536, 13.882755469642536, 13.882755469642536, 13.882755469642536, 13.882755469642536, 13.882755469642536, 13.882755469642536, 13.882755469642536, 13.882755469642536, 13.882755469642536, 13.882755469642536, 13.882755469642536, 13.882755469642536, 13.882755469642536, 13.882755469642536, 13.882755469642536, 13.428529508797485, 0.0, 19.171710820626487, 22.93265070790594, 13.972497621434531, 7.838179945412119, 28.28032927054254, 21.241532958288165, 28.030029683117785, 11.117423519041955, 24.857264059792282, 21.693782550342842, 17.666559138426457, 9.337163093800008, 9.337163093800008, 28.28032927054254, 21.693782550342842, 0.0, 24.857264059792282, 21.241532958288165, 13.882755469642536, 13.882755469642536, 13.882755469642536, 13.882755469642536, 13.882755469642536, 13.882755469642536, 13.882755469642536, 13.882755469642536, 13.882755469642536, 13.882755469642536, 13.882755469642536, 13.882755469642536, 13.882755469642536, 13.882755469642536, 13.882755469642536, 13.882755469642536, 13.882755469642536, 13.882755469642536, 13.882755469642536, 13.882755469642536, 13.882755469642536, 13.882755469642536, 13.882755469642536, 13.882755469642536, 13.882755469642536, 13.882755469642536, 13.882755469642536, 13.882755469642536, 13.882755469642536, 13.882755469642536], [7.599539441221949, 7.599539441221949, 7.599539441221949, 7.599539441221949, 7.599539441221949, 7.599539441221949, 7.599539441221949, 7.599539441221949, 7.599539441221949, 7.599539441221949, 7.599539441221949, 7.599539441221949, 7.599539441221949, 7.599539441221949, 7.599539441221949, 7.599539441221949, 7.599539441221949, 7.599539441221949, 7.599539441221949, 7.599539441221949, 7.599539441221949, 7.599539441221949, 7.599539441221949, 7.599539441221949, 7.599539441221949, 7.599539441221949, 7.599539441221949, 7.599539441221949, 7.599539441221949, 7.599539441221949, 14.848541274675153, 19.171710820626487, 0.0, 8.697751004721962, 16.487130287680504, 19.034394342567904, 9.357100685525307, 3.6598832149626817, 9.919164087836036, 19.1688493917619, 6.278599155364561, 19.193753089257527, 9.352915311583407, 16.25453473928482, 16.25453473928482, 9.357100685525307, 19.193753089257527, 19.171710820626487, 6.278599155364561, 3.6598832149626817, 7.599539441221949, 7.599539441221949, 7.599539441221949, 7.599539441221949, 7.599539441221949, 7.599539441221949, 7.599539441221949, 7.599539441221949, 7.599539441221949, 7.599539441221949, 7.599539441221949, 7.599539441221949, 7.599539441221949, 7.599539441221949, 7.599539441221949, 7.599539441221949, 7.599539441221949, 7.599539441221949, 7.599539441221949, 7.599539441221949, 7.599539441221949, 7.599539441221949, 7.599539441221949, 7.599539441221949, 7.599539441221949, 7.599539441221949, 7.599539441221949, 7.599539441221949, 7.599539441221949, 7.599539441221949], [15.38584485110464, 15.38584485110464, 15.38584485110464, 15.38584485110464, 15.38584485110464, 15.38584485110464, 15.38584485110464, 15.38584485110464, 15.38584485110464, 15.38584485110464, 15.38584485110464, 15.38584485110464, 15.38584485110464, 15.38584485110464, 15.38584485110464, 15.38584485110464, 15.38584485110464, 15.38584485110464, 15.38584485110464, 15.38584485110464, 15.38584485110464, 15.38584485110464, 15.38584485110464, 15.38584485110464, 15.38584485110464, 15.38584485110464, 15.38584485110464, 15.38584485110464, 15.38584485110464, 15.38584485110464, 22.730100612629226, 22.93265070790594, 8.697751004721962, 0.0, 14.132505798845584, 25.336851603669352, 8.979650565529946, 11.598862928018159, 15.119284969172114, 18.23703501422097, 11.93157855026471, 27.849677954994604, 17.99349437679306, 16.367886479454157, 16.367886479454157, 8.979650565529946, 27.849677954994604, 22.93265070790594, 11.93157855026471, 11.598862928018159, 15.38584485110464, 15.38584485110464, 15.38584485110464, 15.38584485110464, 15.38584485110464, 15.38584485110464, 15.38584485110464, 15.38584485110464, 15.38584485110464, 15.38584485110464, 15.38584485110464, 15.38584485110464, 15.38584485110464, 15.38584485110464, 15.38584485110464, 15.38584485110464, 15.38584485110464, 15.38584485110464, 15.38584485110464, 15.38584485110464, 15.38584485110464, 15.38584485110464, 15.38584485110464, 15.38584485110464, 15.38584485110464, 15.38584485110464, 15.38584485110464, 15.38584485110464, 15.38584485110464, 15.38584485110464], [17.218790846347314, 17.218790846347314, 17.218790846347314, 17.218790846347314, 17.218790846347314, 17.218790846347314, 17.218790846347314, 17.218790846347314, 17.218790846347314, 17.218790846347314, 17.218790846347314, 17.218790846347314, 17.218790846347314, 17.218790846347314, 17.218790846347314, 17.218790846347314, 17.218790846347314, 17.218790846347314, 17.218790846347314, 17.218790846347314, 17.218790846347314, 17.218790846347314, 17.218790846347314, 17.218790846347314, 17.218790846347314, 17.218790846347314, 17.218790846347314, 17.218790846347314, 17.218790846347314, 17.218790846347314, 22.11703984329002, 13.972497621434531, 16.487130287680504, 14.132505798845584, 0.0, 20.23885072829084, 22.50878433797492, 20.05016267520557, 26.257250744402782, 4.496922982531435, 22.576837913720006, 30.0, 21.776833860987807, 4.637691832631439, 4.637691832631439, 22.50878433797492, 30.0, 13.972497621434531, 22.576837913720006, 20.05016267520557, 17.218790846347314, 17.218790846347314, 17.218790846347314, 17.218790846347314, 17.218790846347314, 17.218790846347314, 17.218790846347314, 17.218790846347314, 17.218790846347314, 17.218790846347314, 17.218790846347314, 17.218790846347314, 17.218790846347314, 17.218790846347314, 17.218790846347314, 17.218790846347314, 17.218790846347314, 17.218790846347314, 17.218790846347314, 17.218790846347314, 17.218790846347314, 17.218790846347314, 17.218790846347314, 17.218790846347314, 17.218790846347314, 17.218790846347314, 17.218790846347314, 17.218790846347314, 17.218790846347314, 17.218790846347314], [11.772817482096436, 11.772817482096436, 11.772817482096436, 11.772817482096436, 11.772817482096436, 11.772817482096436, 11.772817482096436, 11.772817482096436, 11.772817482096436, 11.772817482096436, 11.772817482096436, 11.772817482096436, 11.772817482096436, 11.772817482096436, 11.772817482096436, 11.772817482096436, 11.772817482096436, 11.772817482096436, 11.772817482096436, 11.772817482096436, 11.772817482096436, 11.772817482096436, 11.772817482096436, 11.772817482096436, 11.772817482096436, 11.772817482096436, 11.772817482096436, 11.772817482096436, 11.772817482096436, 11.772817482096436, 7.323912293197567, 7.838179945412119, 19.034394342567904, 25.336851603669352, 20.23885072829084, 0.0, 28.33708404259363, 19.777640660608153, 25.87129070297373, 18.342194276954256, 23.392934838172934, 14.6896461795857, 13.736998411331157, 15.879931628336593, 15.879931628336593, 28.33708404259363, 14.6896461795857, 7.838179945412119, 23.392934838172934, 19.777640660608153, 11.772817482096436, 11.772817482096436, 11.772817482096436, 11.772817482096436, 11.772817482096436, 11.772817482096436, 11.772817482096436, 11.772817482096436, 11.772817482096436, 11.772817482096436, 11.772817482096436, 11.772817482096436, 11.772817482096436, 11.772817482096436, 11.772817482096436, 11.772817482096436, 11.772817482096436, 11.772817482096436, 11.772817482096436, 11.772817482096436, 11.772817482096436, 11.772817482096436, 11.772817482096436, 11.772817482096436, 11.772817482096436, 11.772817482096436, 11.772817482096436, 11.772817482096436, 11.772817482096436, 11.772817482096436], [16.67790197409618, 16.67790197409618, 16.67790197409618, 16.67790197409618, 16.67790197409618, 16.67790197409618, 16.67790197409618, 16.67790197409618, 16.67790197409618, 16.67790197409618, 16.67790197409618, 16.67790197409618, 16.67790197409618, 16.67790197409618, 16.67790197409618, 16.67790197409618, 16.67790197409618, 16.67790197409618, 16.67790197409618, 16.67790197409618, 16.67790197409618, 16.67790197409618, 16.67790197409618, 16.67790197409618, 16.67790197409618, 16.67790197409618, 16.67790197409618, 16.67790197409618, 16.67790197409618, 16.67790197409618, 23.517336172045148, 28.28032927054254, 9.357100685525307, 8.979650565529946, 22.50878433797492, 28.33708404259363, 0.0, 9.191205013160426, 7.996939290492206, 26.198606485111046, 6.619983115915688, 25.950259256119907, 16.930176006835175, 23.79100411941599, 23.79100411941599, 0.0, 25.950259256119907, 28.28032927054254, 6.619983115915688, 9.191205013160426, 16.67790197409618, 16.67790197409618, 16.67790197409618, 16.67790197409618, 16.67790197409618, 16.67790197409618, 16.67790197409618, 16.67790197409618, 16.67790197409618, 16.67790197409618, 16.67790197409618, 16.67790197409618, 16.67790197409618, 16.67790197409618, 16.67790197409618, 16.67790197409618, 16.67790197409618, 16.67790197409618, 16.67790197409618, 16.67790197409618, 16.67790197409618, 16.67790197409618, 16.67790197409618, 16.67790197409618, 16.67790197409618, 16.67790197409618, 16.67790197409618, 16.67790197409618, 16.67790197409618, 16.67790197409618], [8.02273230054415, 8.02273230054415, 8.02273230054415, 8.02273230054415, 8.02273230054415, 8.02273230054415, 8.02273230054415, 8.02273230054415, 8.02273230054415, 8.02273230054415, 8.02273230054415, 8.02273230054415, 8.02273230054415, 8.02273230054415, 8.02273230054415, 8.02273230054415, 8.02273230054415, 8.02273230054415, 8.02273230054415, 8.02273230054415, 8.02273230054415, 8.02273230054415, 8.02273230054415, 8.02273230054415, 8.02273230054415, 8.02273230054415, 8.02273230054415, 8.02273230054415, 8.02273230054415, 8.02273230054415, 14.393245571111144, 21.241532958288165, 3.6598832149626817, 11.598862928018159, 20.05016267520557, 19.777640660608153, 9.191205013160426, 0.0, 6.86953469352407, 22.509646977271526, 3.6709921518135253, 17.138005271560427, 7.757336902814151, 19.48693609337938, 19.48693609337938, 9.191205013160426, 17.138005271560427, 21.241532958288165, 3.6709921518135253, 0.0, 8.02273230054415, 8.02273230054415, 8.02273230054415, 8.02273230054415, 8.02273230054415, 8.02273230054415, 8.02273230054415, 8.02273230054415, 8.02273230054415, 8.02273230054415, 8.02273230054415, 8.02273230054415, 8.02273230054415, 8.02273230054415, 8.02273230054415, 8.02273230054415, 8.02273230054415, 8.02273230054415, 8.02273230054415, 8.02273230054415, 8.02273230054415, 8.02273230054415, 8.02273230054415, 8.02273230054415, 8.02273230054415, 8.02273230054415, 8.02273230054415, 8.02273230054415, 8.02273230054415, 8.02273230054415], [14.42624874031402, 14.42624874031402, 14.42624874031402, 14.42624874031402, 14.42624874031402, 14.42624874031402, 14.42624874031402, 14.42624874031402, 14.42624874031402, 14.42624874031402, 14.42624874031402, 14.42624874031402, 14.42624874031402, 14.42624874031402, 14.42624874031402, 14.42624874031402, 14.42624874031402, 14.42624874031402, 14.42624874031402, 14.42624874031402, 14.42624874031402, 14.42624874031402, 14.42624874031402, 14.42624874031402, 14.42624874031402, 14.42624874031402, 14.42624874031402, 14.42624874031402, 14.42624874031402, 14.42624874031402, 19.61780085137202, 28.030029683117785, 9.919164087836036, 15.119284969172114, 26.257250744402782, 25.87129070297373, 7.996939290492206, 6.86953469352407, 0.0, 29.087164753118802, 3.68119247195275, 19.744953833836323, 12.485046316149907, 26.16093686527461, 26.16093686527461, 7.996939290492206, 19.744953833836323, 28.030029683117785, 3.68119247195275, 6.86953469352407, 14.42624874031402, 14.42624874031402, 14.42624874031402, 14.42624874031402, 14.42624874031402, 14.42624874031402, 14.42624874031402, 14.42624874031402, 14.42624874031402, 14.42624874031402, 14.42624874031402, 14.42624874031402, 14.42624874031402, 14.42624874031402, 14.42624874031402, 14.42624874031402, 14.42624874031402, 14.42624874031402, 14.42624874031402, 14.42624874031402, 14.42624874031402, 14.42624874031402, 14.42624874031402, 14.42624874031402, 14.42624874031402, 14.42624874031402, 14.42624874031402, 14.42624874031402, 14.42624874031402, 14.42624874031402], [18.14326433688494, 18.14326433688494, 18.14326433688494, 18.14326433688494, 18.14326433688494, 18.14326433688494, 18.14326433688494, 18.14326433688494, 18.14326433688494, 18.14326433688494, 18.14326433688494, 18.14326433688494, 18.14326433688494, 18.14326433688494, 18.14326433688494, 18.14326433688494, 18.14326433688494, 18.14326433688494, 18.14326433688494, 18.14326433688494, 18.14326433688494, 18.14326433688494, 18.14326433688494, 18.14326433688494, 18.14326433688494, 18.14326433688494, 18.14326433688494, 18.14326433688494, 18.14326433688494, 18.14326433688494, 21.664626091960795, 11.117423519041955, 19.1688493917619, 18.23703501422097, 4.496922982531435, 18.342194276954256, 26.198606485111046, 22.509646977271526, 29.087164753118802, 0.0, 25.430271344930105, 29.93492970222077, 22.772199091898067, 3.24201202850973, 3.24201202850973, 26.198606485111046, 29.93492970222077, 11.117423519041955, 25.430271344930105, 22.509646977271526, 18.14326433688494, 18.14326433688494, 18.14326433688494, 18.14326433688494, 18.14326433688494, 18.14326433688494, 18.14326433688494, 18.14326433688494, 18.14326433688494, 18.14326433688494, 18.14326433688494, 18.14326433688494, 18.14326433688494, 18.14326433688494, 18.14326433688494, 18.14326433688494, 18.14326433688494, 18.14326433688494, 18.14326433688494, 18.14326433688494, 18.14326433688494, 18.14326433688494, 18.14326433688494, 18.14326433688494, 18.14326433688494, 18.14326433688494, 18.14326433688494, 18.14326433688494, 18.14326433688494, 18.14326433688494], [11.669647957165296, 11.669647957165296, 11.669647957165296, 11.669647957165296, 11.669647957165296, 11.669647957165296, 11.669647957165296, 11.669647957165296, 11.669647957165296, 11.669647957165296, 11.669647957165296, 11.669647957165296, 11.669647957165296, 11.669647957165296, 11.669647957165296, 11.669647957165296, 11.669647957165296, 11.669647957165296, 11.669647957165296, 11.669647957165296, 11.669647957165296, 11.669647957165296, 11.669647957165296, 11.669647957165296, 11.669647957165296, 11.669647957165296, 11.669647957165296, 11.669647957165296, 11.669647957165296, 11.669647957165296, 17.72345950546795, 24.857264059792282, 6.278599155364561, 11.93157855026471, 22.576837913720006, 23.392934838172934, 6.619983115915688, 3.6709921518135253, 3.68119247195275, 25.430271344930105, 0.0, 19.37907041825024, 10.768717059302483, 22.533082755357526, 22.533082755357526, 6.619983115915688, 19.37907041825024, 24.857264059792282, 0.0, 3.6709921518135253, 11.669647957165296, 11.669647957165296, 11.669647957165296, 11.669647957165296, 11.669647957165296, 11.669647957165296, 11.669647957165296, 11.669647957165296, 11.669647957165296, 11.669647957165296, 11.669647957165296, 11.669647957165296, 11.669647957165296, 11.669647957165296, 11.669647957165296, 11.669647957165296, 11.669647957165296, 11.669647957165296, 11.669647957165296, 11.669647957165296, 11.669647957165296, 11.669647957165296, 11.669647957165296, 11.669647957165296, 11.669647957165296, 11.669647957165296, 11.669647957165296, 11.669647957165296, 11.669647957165296, 11.669647957165296], [13.351931525484776, 13.351931525484776, 13.351931525484776, 13.351931525484776, 13.351931525484776, 13.351931525484776, 13.351931525484776, 13.351931525484776, 13.351931525484776, 13.351931525484776, 13.351931525484776, 13.351931525484776, 13.351931525484776, 13.351931525484776, 13.351931525484776, 13.351931525484776, 13.351931525484776, 13.351931525484776, 13.351931525484776, 13.351931525484776, 13.351931525484776, 13.351931525484776, 13.351931525484776, 13.351931525484776, 13.351931525484776, 13.351931525484776, 13.351931525484776, 13.351931525484776, 13.351931525484776, 13.351931525484776, 8.403528166138262, 21.693782550342842, 19.193753089257527, 27.849677954994604, 30.0, 14.6896461795857, 25.950259256119907, 17.138005271560427, 19.744953833836323, 29.93492970222077, 19.37907041825024, 0.0, 9.856218270636981, 26.815991809430688, 26.815991809430688, 25.950259256119907, 0.0, 21.693782550342842, 19.37907041825024, 17.138005271560427, 13.351931525484776, 13.351931525484776, 13.351931525484776, 13.351931525484776, 13.351931525484776, 13.351931525484776, 13.351931525484776, 13.351931525484776, 13.351931525484776, 13.351931525484776, 13.351931525484776, 13.351931525484776, 13.351931525484776, 13.351931525484776, 13.351931525484776, 13.351931525484776, 13.351931525484776, 13.351931525484776, 13.351931525484776, 13.351931525484776, 13.351931525484776, 13.351931525484776, 13.351931525484776, 13.351931525484776, 13.351931525484776, 13.351931525484776, 13.351931525484776, 13.351931525484776, 13.351931525484776, 13.351931525484776], [4.632983249537839, 4.632983249537839, 4.632983249537839, 4.632983249537839, 4.632983249537839, 4.632983249537839, 4.632983249537839, 4.632983249537839, 4.632983249537839, 4.632983249537839, 4.632983249537839, 4.632983249537839, 4.632983249537839, 4.632983249537839, 4.632983249537839, 4.632983249537839, 4.632983249537839, 4.632983249537839, 4.632983249537839, 4.632983249537839, 4.632983249537839, 4.632983249537839, 4.632983249537839, 4.632983249537839, 4.632983249537839, 4.632983249537839, 4.632983249537839, 4.632983249537839, 4.632983249537839, 4.632983249537839, 7.132854155376139, 17.666559138426457, 9.352915311583407, 17.99349437679306, 21.776833860987807, 13.736998411331157, 16.930176006835175, 7.757336902814151, 12.485046316149907, 22.772199091898067, 10.768717059302483, 9.856218270636981, 0.0, 19.530189729564988, 19.530189729564988, 16.930176006835175, 9.856218270636981, 17.666559138426457, 10.768717059302483, 7.757336902814151, 4.632983249537839, 4.632983249537839, 4.632983249537839, 4.632983249537839, 4.632983249537839, 4.632983249537839, 4.632983249537839, 4.632983249537839, 4.632983249537839, 4.632983249537839, 4.632983249537839, 4.632983249537839, 4.632983249537839, 4.632983249537839, 4.632983249537839, 4.632983249537839, 4.632983249537839, 4.632983249537839, 4.632983249537839, 4.632983249537839, 4.632983249537839, 4.632983249537839, 4.632983249537839, 4.632983249537839, 4.632983249537839, 4.632983249537839, 4.632983249537839, 4.632983249537839, 4.632983249537839, 4.632983249537839], [14.901389552298811, 14.901389552298811, 14.901389552298811, 14.901389552298811, 14.901389552298811, 14.901389552298811, 14.901389552298811, 14.901389552298811, 14.901389552298811, 14.901389552298811, 14.901389552298811, 14.901389552298811, 14.901389552298811, 14.901389552298811, 14.901389552298811, 14.901389552298811, 14.901389552298811, 14.901389552298811, 14.901389552298811, 14.901389552298811, 14.901389552298811, 14.901389552298811, 14.901389552298811, 14.901389552298811, 14.901389552298811, 14.901389552298811, 14.901389552298811, 14.901389552298811, 14.901389552298811, 14.901389552298811, 18.614878840349927, 9.337163093800008, 16.25453473928482, 16.367886479454157, 4.637691832631439, 15.879931628336593, 23.79100411941599, 19.48693609337938, 26.16093686527461, 3.24201202850973, 22.533082755357526, 26.815991809430688, 19.530189729564988, 0.0, 0.0, 23.79100411941599, 26.815991809430688, 9.337163093800008, 22.533082755357526, 19.48693609337938, 14.901389552298811, 14.901389552298811, 14.901389552298811, 14.901389552298811, 14.901389552298811, 14.901389552298811, 14.901389552298811, 14.901389552298811, 14.901389552298811, 14.901389552298811, 14.901389552298811, 14.901389552298811, 14.901389552298811, 14.901389552298811, 14.901389552298811, 14.901389552298811, 14.901389552298811, 14.901389552298811, 14.901389552298811, 14.901389552298811, 14.901389552298811, 14.901389552298811, 14.901389552298811, 14.901389552298811, 14.901389552298811, 14.901389552298811, 14.901389552298811, 14.901389552298811, 14.901389552298811, 14.901389552298811], [14.901389552298811, 14.901389552298811, 14.901389552298811, 14.901389552298811, 14.901389552298811, 14.901389552298811, 14.901389552298811, 14.901389552298811, 14.901389552298811, 14.901389552298811, 14.901389552298811, 14.901389552298811, 14.901389552298811, 14.901389552298811, 14.901389552298811, 14.901389552298811, 14.901389552298811, 14.901389552298811, 14.901389552298811, 14.901389552298811, 14.901389552298811, 14.901389552298811, 14.901389552298811, 14.901389552298811, 14.901389552298811, 14.901389552298811, 14.901389552298811, 14.901389552298811, 14.901389552298811, 14.901389552298811, 18.614878840349927, 9.337163093800008, 16.25453473928482, 16.367886479454157, 4.637691832631439, 15.879931628336593, 23.79100411941599, 19.48693609337938, 26.16093686527461, 3.24201202850973, 22.533082755357526, 26.815991809430688, 19.530189729564988, 0.0, 0.0, 23.79100411941599, 26.815991809430688, 9.337163093800008, 22.533082755357526, 19.48693609337938, 14.901389552298811, 14.901389552298811, 14.901389552298811, 14.901389552298811, 14.901389552298811, 14.901389552298811, 14.901389552298811, 14.901389552298811, 14.901389552298811, 14.901389552298811, 14.901389552298811, 14.901389552298811, 14.901389552298811, 14.901389552298811, 14.901389552298811, 14.901389552298811, 14.901389552298811, 14.901389552298811, 14.901389552298811, 14.901389552298811, 14.901389552298811, 14.901389552298811, 14.901389552298811, 14.901389552298811, 14.901389552298811, 14.901389552298811, 14.901389552298811, 14.901389552298811, 14.901389552298811, 14.901389552298811], [16.67790197409618, 16.67790197409618, 16.67790197409618, 16.67790197409618, 16.67790197409618, 16.67790197409618, 16.67790197409618, 16.67790197409618, 16.67790197409618, 16.67790197409618, 16.67790197409618, 16.67790197409618, 16.67790197409618, 16.67790197409618, 16.67790197409618, 16.67790197409618, 16.67790197409618, 16.67790197409618, 16.67790197409618, 16.67790197409618, 16.67790197409618, 16.67790197409618, 16.67790197409618, 16.67790197409618, 16.67790197409618, 16.67790197409618, 16.67790197409618, 16.67790197409618, 16.67790197409618, 16.67790197409618, 23.517336172045148, 28.28032927054254, 9.357100685525307, 8.979650565529946, 22.50878433797492, 28.33708404259363, 0.0, 9.191205013160426, 7.996939290492206, 26.198606485111046, 6.619983115915688, 25.950259256119907, 16.930176006835175, 23.79100411941599, 23.79100411941599, 0.0, 25.950259256119907, 28.28032927054254, 6.619983115915688, 9.191205013160426, 16.67790197409618, 16.67790197409618, 16.67790197409618, 16.67790197409618, 16.67790197409618, 16.67790197409618, 16.67790197409618, 16.67790197409618, 16.67790197409618, 16.67790197409618, 16.67790197409618, 16.67790197409618, 16.67790197409618, 16.67790197409618, 16.67790197409618, 16.67790197409618, 16.67790197409618, 16.67790197409618, 16.67790197409618, 16.67790197409618, 16.67790197409618, 16.67790197409618, 16.67790197409618, 16.67790197409618, 16.67790197409618, 16.67790197409618, 16.67790197409618, 16.67790197409618, 16.67790197409618, 16.67790197409618], [13.351931525484776, 13.351931525484776, 13.351931525484776, 13.351931525484776, 13.351931525484776, 13.351931525484776, 13.351931525484776, 13.351931525484776, 13.351931525484776, 13.351931525484776, 13.351931525484776, 13.351931525484776, 13.351931525484776, 13.351931525484776, 13.351931525484776, 13.351931525484776, 13.351931525484776, 13.351931525484776, 13.351931525484776, 13.351931525484776, 13.351931525484776, 13.351931525484776, 13.351931525484776, 13.351931525484776, 13.351931525484776, 13.351931525484776, 13.351931525484776, 13.351931525484776, 13.351931525484776, 13.351931525484776, 8.403528166138262, 21.693782550342842, 19.193753089257527, 27.849677954994604, 30.0, 14.6896461795857, 25.950259256119907, 17.138005271560427, 19.744953833836323, 29.93492970222077, 19.37907041825024, 0.0, 9.856218270636981, 26.815991809430688, 26.815991809430688, 25.950259256119907, 0.0, 21.693782550342842, 19.37907041825024, 17.138005271560427, 13.351931525484776, 13.351931525484776, 13.351931525484776, 13.351931525484776, 13.351931525484776, 13.351931525484776, 13.351931525484776, 13.351931525484776, 13.351931525484776, 13.351931525484776, 13.351931525484776, 13.351931525484776, 13.351931525484776, 13.351931525484776, 13.351931525484776, 13.351931525484776, 13.351931525484776, 13.351931525484776, 13.351931525484776, 13.351931525484776, 13.351931525484776, 13.351931525484776, 13.351931525484776, 13.351931525484776, 13.351931525484776, 13.351931525484776, 13.351931525484776, 13.351931525484776, 13.351931525484776, 13.351931525484776], [13.882755469642536, 13.882755469642536, 13.882755469642536, 13.882755469642536, 13.882755469642536, 13.882755469642536, 13.882755469642536, 13.882755469642536, 13.882755469642536, 13.882755469642536, 13.882755469642536, 13.882755469642536, 13.882755469642536, 13.882755469642536, 13.882755469642536, 13.882755469642536, 13.882755469642536, 13.882755469642536, 13.882755469642536, 13.882755469642536, 13.882755469642536, 13.882755469642536, 13.882755469642536, 13.882755469642536, 13.882755469642536, 13.882755469642536, 13.882755469642536, 13.882755469642536, 13.882755469642536, 13.882755469642536, 13.428529508797485, 0.0, 19.171710820626487, 22.93265070790594, 13.972497621434531, 7.838179945412119, 28.28032927054254, 21.241532958288165, 28.030029683117785, 11.117423519041955, 24.857264059792282, 21.693782550342842, 17.666559138426457, 9.337163093800008, 9.337163093800008, 28.28032927054254, 21.693782550342842, 0.0, 24.857264059792282, 21.241532958288165, 13.882755469642536, 13.882755469642536, 13.882755469642536, 13.882755469642536, 13.882755469642536, 13.882755469642536, 13.882755469642536, 13.882755469642536, 13.882755469642536, 13.882755469642536, 13.882755469642536, 13.882755469642536, 13.882755469642536, 13.882755469642536, 13.882755469642536, 13.882755469642536, 13.882755469642536, 13.882755469642536, 13.882755469642536, 13.882755469642536, 13.882755469642536, 13.882755469642536, 13.882755469642536, 13.882755469642536, 13.882755469642536, 13.882755469642536, 13.882755469642536, 13.882755469642536, 13.882755469642536, 13.882755469642536], [11.669647957165296, 11.669647957165296, 11.669647957165296, 11.669647957165296, 11.669647957165296, 11.669647957165296, 11.669647957165296, 11.669647957165296, 11.669647957165296, 11.669647957165296, 11.669647957165296, 11.669647957165296, 11.669647957165296, 11.669647957165296, 11.669647957165296, 11.669647957165296, 11.669647957165296, 11.669647957165296, 11.669647957165296, 11.669647957165296, 11.669647957165296, 11.669647957165296, 11.669647957165296, 11.669647957165296, 11.669647957165296, 11.669647957165296, 11.669647957165296, 11.669647957165296, 11.669647957165296, 11.669647957165296, 17.72345950546795, 24.857264059792282, 6.278599155364561, 11.93157855026471, 22.576837913720006, 23.392934838172934, 6.619983115915688, 3.6709921518135253, 3.68119247195275, 25.430271344930105, 0.0, 19.37907041825024, 10.768717059302483, 22.533082755357526, 22.533082755357526, 6.619983115915688, 19.37907041825024, 24.857264059792282, 0.0, 3.6709921518135253, 11.669647957165296, 11.669647957165296, 11.669647957165296, 11.669647957165296, 11.669647957165296, 11.669647957165296, 11.669647957165296, 11.669647957165296, 11.669647957165296, 11.669647957165296, 11.669647957165296, 11.669647957165296, 11.669647957165296, 11.669647957165296, 11.669647957165296, 11.669647957165296, 11.669647957165296, 11.669647957165296, 11.669647957165296, 11.669647957165296, 11.669647957165296, 11.669647957165296, 11.669647957165296, 11.669647957165296, 11.669647957165296, 11.669647957165296, 11.669647957165296, 11.669647957165296, 11.669647957165296, 11.669647957165296], [8.02273230054415, 8.02273230054415, 8.02273230054415, 8.02273230054415, 8.02273230054415, 8.02273230054415, 8.02273230054415, 8.02273230054415, 8.02273230054415, 8.02273230054415, 8.02273230054415, 8.02273230054415, 8.02273230054415, 8.02273230054415, 8.02273230054415, 8.02273230054415, 8.02273230054415, 8.02273230054415, 8.02273230054415, 8.02273230054415, 8.02273230054415, 8.02273230054415, 8.02273230054415, 8.02273230054415, 8.02273230054415, 8.02273230054415, 8.02273230054415, 8.02273230054415, 8.02273230054415, 8.02273230054415, 14.393245571111144, 21.241532958288165, 3.6598832149626817, 11.598862928018159, 20.05016267520557, 19.777640660608153, 9.191205013160426, 0.0, 6.86953469352407, 22.509646977271526, 3.6709921518135253, 17.138005271560427, 7.757336902814151, 19.48693609337938, 19.48693609337938, 9.191205013160426, 17.138005271560427, 21.241532958288165, 3.6709921518135253, 0.0, 8.02273230054415, 8.02273230054415, 8.02273230054415, 8.02273230054415, 8.02273230054415, 8.02273230054415, 8.02273230054415, 8.02273230054415, 8.02273230054415, 8.02273230054415, 8.02273230054415, 8.02273230054415, 8.02273230054415, 8.02273230054415, 8.02273230054415, 8.02273230054415, 8.02273230054415, 8.02273230054415, 8.02273230054415, 8.02273230054415, 8.02273230054415, 8.02273230054415, 8.02273230054415, 8.02273230054415, 8.02273230054415, 8.02273230054415, 8.02273230054415, 8.02273230054415, 8.02273230054415, 8.02273230054415], [0.0, 0.0, 0.0, 0.0, 0.0, 0.0, 0.0, 0.0, 0.0, 0.0, 0.0, 0.0, 0.0, 0.0, 0.0, 0.0, 0.0, 0.0, 0.0, 0.0, 0.0, 0.0, 0.0, 0.0, 0.0, 0.0, 0.0, 0.0, 0.0, 0.0, 7.371424606867273, 13.882755469642536, 7.599539441221949, 15.38584485110464, 17.218790846347314, 11.772817482096436, 16.67790197409618, 8.02273230054415, 14.42624874031402, 18.14326433688494, 11.669647957165296, 13.351931525484776, 4.632983249537839, 14.901389552298811, 14.901389552298811, 16.67790197409618, 13.351931525484776, 13.882755469642536, 11.669647957165296, 8.02273230054415, 0.0, 0.0, 0.0, 0.0, 0.0, 0.0, 0.0, 0.0, 0.0, 0.0, 0.0, 0.0, 0.0, 0.0, 0.0, 0.0, 0.0, 0.0, 0.0, 0.0, 0.0, 0.0, 0.0, 0.0, 0.0, 0.0, 0.0, 0.0, 0.0, 0.0], [0.0, 0.0, 0.0, 0.0, 0.0, 0.0, 0.0, 0.0, 0.0, 0.0, 0.0, 0.0, 0.0, 0.0, 0.0, 0.0, 0.0, 0.0, 0.0, 0.0, 0.0, 0.0, 0.0, 0.0, 0.0, 0.0, 0.0, 0.0, 0.0, 0.0, 7.371424606867273, 13.882755469642536, 7.599539441221949, 15.38584485110464, 17.218790846347314, 11.772817482096436, 16.67790197409618, 8.02273230054415, 14.42624874031402, 18.14326433688494, 11.669647957165296, 13.351931525484776, 4.632983249537839, 14.901389552298811, 14.901389552298811, 16.67790197409618, 13.351931525484776, 13.882755469642536, 11.669647957165296, 8.02273230054415, 0.0, 0.0, 0.0, 0.0, 0.0, 0.0, 0.0, 0.0, 0.0, 0.0, 0.0, 0.0, 0.0, 0.0, 0.0, 0.0, 0.0, 0.0, 0.0, 0.0, 0.0, 0.0, 0.0, 0.0, 0.0, 0.0, 0.0, 0.0, 0.0, 0.0], [0.0, 0.0, 0.0, 0.0, 0.0, 0.0, 0.0, 0.0, 0.0, 0.0, 0.0, 0.0, 0.0, 0.0, 0.0, 0.0, 0.0, 0.0, 0.0, 0.0, 0.0, 0.0, 0.0, 0.0, 0.0, 0.0, 0.0, 0.0, 0.0, 0.0, 7.371424606867273, 13.882755469642536, 7.599539441221949, 15.38584485110464, 17.218790846347314, 11.772817482096436, 16.67790197409618, 8.02273230054415, 14.42624874031402, 18.14326433688494, 11.669647957165296, 13.351931525484776, 4.632983249537839, 14.901389552298811, 14.901389552298811, 16.67790197409618, 13.351931525484776, 13.882755469642536, 11.669647957165296, 8.02273230054415, 0.0, 0.0, 0.0, 0.0, 0.0, 0.0, 0.0, 0.0, 0.0, 0.0, 0.0, 0.0, 0.0, 0.0, 0.0, 0.0, 0.0, 0.0, 0.0, 0.0, 0.0, 0.0, 0.0, 0.0, 0.0, 0.0, 0.0, 0.0, 0.0, 0.0], [0.0, 0.0, 0.0, 0.0, 0.0, 0.0, 0.0, 0.0, 0.0, 0.0, 0.0, 0.0, 0.0, 0.0, 0.0, 0.0, 0.0, 0.0, 0.0, 0.0, 0.0, 0.0, 0.0, 0.0, 0.0, 0.0, 0.0, 0.0, 0.0, 0.0, 7.371424606867273, 13.882755469642536, 7.599539441221949, 15.38584485110464, 17.218790846347314, 11.772817482096436, 16.67790197409618, 8.02273230054415, 14.42624874031402, 18.14326433688494, 11.669647957165296, 13.351931525484776, 4.632983249537839, 14.901389552298811, 14.901389552298811, 16.67790197409618, 13.351931525484776, 13.882755469642536, 11.669647957165296, 8.02273230054415, 0.0, 0.0, 0.0, 0.0, 0.0, 0.0, 0.0, 0.0, 0.0, 0.0, 0.0, 0.0, 0.0, 0.0, 0.0, 0.0, 0.0, 0.0, 0.0, 0.0, 0.0, 0.0, 0.0, 0.0, 0.0, 0.0, 0.0, 0.0, 0.0, 0.0], [0.0, 0.0, 0.0, 0.0, 0.0, 0.0, 0.0, 0.0, 0.0, 0.0, 0.0, 0.0, 0.0, 0.0, 0.0, 0.0, 0.0, 0.0, 0.0, 0.0, 0.0, 0.0, 0.0, 0.0, 0.0, 0.0, 0.0, 0.0, 0.0, 0.0, 7.371424606867273, 13.882755469642536, 7.599539441221949, 15.38584485110464, 17.218790846347314, 11.772817482096436, 16.67790197409618, 8.02273230054415, 14.42624874031402, 18.14326433688494, 11.669647957165296, 13.351931525484776, 4.632983249537839, 14.901389552298811, 14.901389552298811, 16.67790197409618, 13.351931525484776, 13.882755469642536, 11.669647957165296, 8.02273230054415, 0.0, 0.0, 0.0, 0.0, 0.0, 0.0, 0.0, 0.0, 0.0, 0.0, 0.0, 0.0, 0.0, 0.0, 0.0, 0.0, 0.0, 0.0, 0.0, 0.0, 0.0, 0.0, 0.0, 0.0, 0.0, 0.0, 0.0, 0.0, 0.0, 0.0], [0.0, 0.0, 0.0, 0.0, 0.0, 0.0, 0.0, 0.0, 0.0, 0.0, 0.0, 0.0, 0.0, 0.0, 0.0, 0.0, 0.0, 0.0, 0.0, 0.0, 0.0, 0.0, 0.0, 0.0, 0.0, 0.0, 0.0, 0.0, 0.0, 0.0, 7.371424606867273, 13.882755469642536, 7.599539441221949, 15.38584485110464, 17.218790846347314, 11.772817482096436, 16.67790197409618, 8.02273230054415, 14.42624874031402, 18.14326433688494, 11.669647957165296, 13.351931525484776, 4.632983249537839, 14.901389552298811, 14.901389552298811, 16.67790197409618, 13.351931525484776, 13.882755469642536, 11.669647957165296, 8.02273230054415, 0.0, 0.0, 0.0, 0.0, 0.0, 0.0, 0.0, 0.0, 0.0, 0.0, 0.0, 0.0, 0.0, 0.0, 0.0, 0.0, 0.0, 0.0, 0.0, 0.0, 0.0, 0.0, 0.0, 0.0, 0.0, 0.0, 0.0, 0.0, 0.0, 0.0], [0.0, 0.0, 0.0, 0.0, 0.0, 0.0, 0.0, 0.0, 0.0, 0.0, 0.0, 0.0, 0.0, 0.0, 0.0, 0.0, 0.0, 0.0, 0.0, 0.0, 0.0, 0.0, 0.0, 0.0, 0.0, 0.0, 0.0, 0.0, 0.0, 0.0, 7.371424606867273, 13.882755469642536, 7.599539441221949, 15.38584485110464, 17.218790846347314, 11.772817482096436, 16.67790197409618, 8.02273230054415, 14.42624874031402, 18.14326433688494, 11.669647957165296, 13.351931525484776, 4.632983249537839, 14.901389552298811, 14.901389552298811, 16.67790197409618, 13.351931525484776, 13.882755469642536, 11.669647957165296, 8.02273230054415, 0.0, 0.0, 0.0, 0.0, 0.0, 0.0, 0.0, 0.0, 0.0, 0.0, 0.0, 0.0, 0.0, 0.0, 0.0, 0.0, 0.0, 0.0, 0.0, 0.0, 0.0, 0.0, 0.0, 0.0, 0.0, 0.0, 0.0, 0.0, 0.0, 0.0], [0.0, 0.0, 0.0, 0.0, 0.0, 0.0, 0.0, 0.0, 0.0, 0.0, 0.0, 0.0, 0.0, 0.0, 0.0, 0.0, 0.0, 0.0, 0.0, 0.0, 0.0, 0.0, 0.0, 0.0, 0.0, 0.0, 0.0, 0.0, 0.0, 0.0, 7.371424606867273, 13.882755469642536, 7.599539441221949, 15.38584485110464, 17.218790846347314, 11.772817482096436, 16.67790197409618, 8.02273230054415, 14.42624874031402, 18.14326433688494, 11.669647957165296, 13.351931525484776, 4.632983249537839, 14.901389552298811, 14.901389552298811, 16.67790197409618, 13.351931525484776, 13.882755469642536, 11.669647957165296, 8.02273230054415, 0.0, 0.0, 0.0, 0.0, 0.0, 0.0, 0.0, 0.0, 0.0, 0.0, 0.0, 0.0, 0.0, 0.0, 0.0, 0.0, 0.0, 0.0, 0.0, 0.0, 0.0, 0.0, 0.0, 0.0, 0.0, 0.0, 0.0, 0.0, 0.0, 0.0], [0.0, 0.0, 0.0, 0.0, 0.0, 0.0, 0.0, 0.0, 0.0, 0.0, 0.0, 0.0, 0.0, 0.0, 0.0, 0.0, 0.0, 0.0, 0.0, 0.0, 0.0, 0.0, 0.0, 0.0, 0.0, 0.0, 0.0, 0.0, 0.0, 0.0, 7.371424606867273, 13.882755469642536, 7.599539441221949, 15.38584485110464, 17.218790846347314, 11.772817482096436, 16.67790197409618, 8.02273230054415, 14.42624874031402, 18.14326433688494, 11.669647957165296, 13.351931525484776, 4.632983249537839, 14.901389552298811, 14.901389552298811, 16.67790197409618, 13.351931525484776, 13.882755469642536, 11.669647957165296, 8.02273230054415, 0.0, 0.0, 0.0, 0.0, 0.0, 0.0, 0.0, 0.0, 0.0, 0.0, 0.0, 0.0, 0.0, 0.0, 0.0, 0.0, 0.0, 0.0, 0.0, 0.0, 0.0, 0.0, 0.0, 0.0, 0.0, 0.0, 0.0, 0.0, 0.0, 0.0], [0.0, 0.0, 0.0, 0.0, 0.0, 0.0, 0.0, 0.0, 0.0, 0.0, 0.0, 0.0, 0.0, 0.0, 0.0, 0.0, 0.0, 0.0, 0.0, 0.0, 0.0, 0.0, 0.0, 0.0, 0.0, 0.0, 0.0, 0.0, 0.0, 0.0, 7.371424606867273, 13.882755469642536, 7.599539441221949, 15.38584485110464, 17.218790846347314, 11.772817482096436, 16.67790197409618, 8.02273230054415, 14.42624874031402, 18.14326433688494, 11.669647957165296, 13.351931525484776, 4.632983249537839, 14.901389552298811, 14.901389552298811, 16.67790197409618, 13.351931525484776, 13.882755469642536, 11.669647957165296, 8.02273230054415, 0.0, 0.0, 0.0, 0.0, 0.0, 0.0, 0.0, 0.0, 0.0, 0.0, 0.0, 0.0, 0.0, 0.0, 0.0, 0.0, 0.0, 0.0, 0.0, 0.0, 0.0, 0.0, 0.0, 0.0, 0.0, 0.0, 0.0, 0.0, 0.0, 0.0], [0.0, 0.0, 0.0, 0.0, 0.0, 0.0, 0.0, 0.0, 0.0, 0.0, 0.0, 0.0, 0.0, 0.0, 0.0, 0.0, 0.0, 0.0, 0.0, 0.0, 0.0, 0.0, 0.0, 0.0, 0.0, 0.0, 0.0, 0.0, 0.0, 0.0, 7.371424606867273, 13.882755469642536, 7.599539441221949, 15.38584485110464, 17.218790846347314, 11.772817482096436, 16.67790197409618, 8.02273230054415, 14.42624874031402, 18.14326433688494, 11.669647957165296, 13.351931525484776, 4.632983249537839, 14.901389552298811, 14.901389552298811, 16.67790197409618, 13.351931525484776, 13.882755469642536, 11.669647957165296, 8.02273230054415, 0.0, 0.0, 0.0, 0.0, 0.0, 0.0, 0.0, 0.0, 0.0, 0.0, 0.0, 0.0, 0.0, 0.0, 0.0, 0.0, 0.0, 0.0, 0.0, 0.0, 0.0, 0.0, 0.0, 0.0, 0.0, 0.0, 0.0, 0.0, 0.0, 0.0], [0.0, 0.0, 0.0, 0.0, 0.0, 0.0, 0.0, 0.0, 0.0, 0.0, 0.0, 0.0, 0.0, 0.0, 0.0, 0.0, 0.0, 0.0, 0.0, 0.0, 0.0, 0.0, 0.0, 0.0, 0.0, 0.0, 0.0, 0.0, 0.0, 0.0, 7.371424606867273, 13.882755469642536, 7.599539441221949, 15.38584485110464, 17.218790846347314, 11.772817482096436, 16.67790197409618, 8.02273230054415, 14.42624874031402, 18.14326433688494, 11.669647957165296, 13.351931525484776, 4.632983249537839, 14.901389552298811, 14.901389552298811, 16.67790197409618, 13.351931525484776, 13.882755469642536, 11.669647957165296, 8.02273230054415, 0.0, 0.0, 0.0, 0.0, 0.0, 0.0, 0.0, 0.0, 0.0, 0.0, 0.0, 0.0, 0.0, 0.0, 0.0, 0.0, 0.0, 0.0, 0.0, 0.0, 0.0, 0.0, 0.0, 0.0, 0.0, 0.0, 0.0, 0.0, 0.0, 0.0], [0.0, 0.0, 0.0, 0.0, 0.0, 0.0, 0.0, 0.0, 0.0, 0.0, 0.0, 0.0, 0.0, 0.0, 0.0, 0.0, 0.0, 0.0, 0.0, 0.0, 0.0, 0.0, 0.0, 0.0, 0.0, 0.0, 0.0, 0.0, 0.0, 0.0, 7.371424606867273, 13.882755469642536, 7.599539441221949, 15.38584485110464, 17.218790846347314, 11.772817482096436, 16.67790197409618, 8.02273230054415, 14.42624874031402, 18.14326433688494, 11.669647957165296, 13.351931525484776, 4.632983249537839, 14.901389552298811, 14.901389552298811, 16.67790197409618, 13.351931525484776, 13.882755469642536, 11.669647957165296, 8.02273230054415, 0.0, 0.0, 0.0, 0.0, 0.0, 0.0, 0.0, 0.0, 0.0, 0.0, 0.0, 0.0, 0.0, 0.0, 0.0, 0.0, 0.0, 0.0, 0.0, 0.0, 0.0, 0.0, 0.0, 0.0, 0.0, 0.0, 0.0, 0.0, 0.0, 0.0], [0.0, 0.0, 0.0, 0.0, 0.0, 0.0, 0.0, 0.0, 0.0, 0.0, 0.0, 0.0, 0.0, 0.0, 0.0, 0.0, 0.0, 0.0, 0.0, 0.0, 0.0, 0.0, 0.0, 0.0, 0.0, 0.0, 0.0, 0.0, 0.0, 0.0, 7.371424606867273, 13.882755469642536, 7.599539441221949, 15.38584485110464, 17.218790846347314, 11.772817482096436, 16.67790197409618, 8.02273230054415, 14.42624874031402, 18.14326433688494, 11.669647957165296, 13.351931525484776, 4.632983249537839, 14.901389552298811, 14.901389552298811, 16.67790197409618, 13.351931525484776, 13.882755469642536, 11.669647957165296, 8.02273230054415, 0.0, 0.0, 0.0, 0.0, 0.0, 0.0, 0.0, 0.0, 0.0, 0.0, 0.0, 0.0, 0.0, 0.0, 0.0, 0.0, 0.0, 0.0, 0.0, 0.0, 0.0, 0.0, 0.0, 0.0, 0.0, 0.0, 0.0, 0.0, 0.0, 0.0], [0.0, 0.0, 0.0, 0.0, 0.0, 0.0, 0.0, 0.0, 0.0, 0.0, 0.0, 0.0, 0.0, 0.0, 0.0, 0.0, 0.0, 0.0, 0.0, 0.0, 0.0, 0.0, 0.0, 0.0, 0.0, 0.0, 0.0, 0.0, 0.0, 0.0, 7.371424606867273, 13.882755469642536, 7.599539441221949, 15.38584485110464, 17.218790846347314, 11.772817482096436, 16.67790197409618, 8.02273230054415, 14.42624874031402, 18.14326433688494, 11.669647957165296, 13.351931525484776, 4.632983249537839, 14.901389552298811, 14.901389552298811, 16.67790197409618, 13.351931525484776, 13.882755469642536, 11.669647957165296, 8.02273230054415, 0.0, 0.0, 0.0, 0.0, 0.0, 0.0, 0.0, 0.0, 0.0, 0.0, 0.0, 0.0, 0.0, 0.0, 0.0, 0.0, 0.0, 0.0, 0.0, 0.0, 0.0, 0.0, 0.0, 0.0, 0.0, 0.0, 0.0, 0.0, 0.0, 0.0], [0.0, 0.0, 0.0, 0.0, 0.0, 0.0, 0.0, 0.0, 0.0, 0.0, 0.0, 0.0, 0.0, 0.0, 0.0, 0.0, 0.0, 0.0, 0.0, 0.0, 0.0, 0.0, 0.0, 0.0, 0.0, 0.0, 0.0, 0.0, 0.0, 0.0, 7.371424606867273, 13.882755469642536, 7.599539441221949, 15.38584485110464, 17.218790846347314, 11.772817482096436, 16.67790197409618, 8.02273230054415, 14.42624874031402, 18.14326433688494, 11.669647957165296, 13.351931525484776, 4.632983249537839, 14.901389552298811, 14.901389552298811, 16.67790197409618, 13.351931525484776, 13.882755469642536, 11.669647957165296, 8.02273230054415, 0.0, 0.0, 0.0, 0.0, 0.0, 0.0, 0.0, 0.0, 0.0, 0.0, 0.0, 0.0, 0.0, 0.0, 0.0, 0.0, 0.0, 0.0, 0.0, 0.0, 0.0, 0.0, 0.0, 0.0, 0.0, 0.0, 0.0, 0.0, 0.0, 0.0], [0.0, 0.0, 0.0, 0.0, 0.0, 0.0, 0.0, 0.0, 0.0, 0.0, 0.0, 0.0, 0.0, 0.0, 0.0, 0.0, 0.0, 0.0, 0.0, 0.0, 0.0, 0.0, 0.0, 0.0, 0.0, 0.0, 0.0, 0.0, 0.0, 0.0, 7.371424606867273, 13.882755469642536, 7.599539441221949, 15.38584485110464, 17.218790846347314, 11.772817482096436, 16.67790197409618, 8.02273230054415, 14.42624874031402, 18.14326433688494, 11.669647957165296, 13.351931525484776, 4.632983249537839, 14.901389552298811, 14.901389552298811, 16.67790197409618, 13.351931525484776, 13.882755469642536, 11.669647957165296, 8.02273230054415, 0.0, 0.0, 0.0, 0.0, 0.0, 0.0, 0.0, 0.0, 0.0, 0.0, 0.0, 0.0, 0.0, 0.0, 0.0, 0.0, 0.0, 0.0, 0.0, 0.0, 0.0, 0.0, 0.0, 0.0, 0.0, 0.0, 0.0, 0.0, 0.0, 0.0], [0.0, 0.0, 0.0, 0.0, 0.0, 0.0, 0.0, 0.0, 0.0, 0.0, 0.0, 0.0, 0.0, 0.0, 0.0, 0.0, 0.0, 0.0, 0.0, 0.0, 0.0, 0.0, 0.0, 0.0, 0.0, 0.0, 0.0, 0.0, 0.0, 0.0, 7.371424606867273, 13.882755469642536, 7.599539441221949, 15.38584485110464, 17.218790846347314, 11.772817482096436, 16.67790197409618, 8.02273230054415, 14.42624874031402, 18.14326433688494, 11.669647957165296, 13.351931525484776, 4.632983249537839, 14.901389552298811, 14.901389552298811, 16.67790197409618, 13.351931525484776, 13.882755469642536, 11.669647957165296, 8.02273230054415, 0.0, 0.0, 0.0, 0.0, 0.0, 0.0, 0.0, 0.0, 0.0, 0.0, 0.0, 0.0, 0.0, 0.0, 0.0, 0.0, 0.0, 0.0, 0.0, 0.0, 0.0, 0.0, 0.0, 0.0, 0.0, 0.0, 0.0, 0.0, 0.0, 0.0], [0.0, 0.0, 0.0, 0.0, 0.0, 0.0, 0.0, 0.0, 0.0, 0.0, 0.0, 0.0, 0.0, 0.0, 0.0, 0.0, 0.0, 0.0, 0.0, 0.0, 0.0, 0.0, 0.0, 0.0, 0.0, 0.0, 0.0, 0.0, 0.0, 0.0, 7.371424606867273, 13.882755469642536, 7.599539441221949, 15.38584485110464, 17.218790846347314, 11.772817482096436, 16.67790197409618, 8.02273230054415, 14.42624874031402, 18.14326433688494, 11.669647957165296, 13.351931525484776, 4.632983249537839, 14.901389552298811, 14.901389552298811, 16.67790197409618, 13.351931525484776, 13.882755469642536, 11.669647957165296, 8.02273230054415, 0.0, 0.0, 0.0, 0.0, 0.0, 0.0, 0.0, 0.0, 0.0, 0.0, 0.0, 0.0, 0.0, 0.0, 0.0, 0.0, 0.0, 0.0, 0.0, 0.0, 0.0, 0.0, 0.0, 0.0, 0.0, 0.0, 0.0, 0.0, 0.0, 0.0], [0.0, 0.0, 0.0, 0.0, 0.0, 0.0, 0.0, 0.0, 0.0, 0.0, 0.0, 0.0, 0.0, 0.0, 0.0, 0.0, 0.0, 0.0, 0.0, 0.0, 0.0, 0.0, 0.0, 0.0, 0.0, 0.0, 0.0, 0.0, 0.0, 0.0, 7.371424606867273, 13.882755469642536, 7.599539441221949, 15.38584485110464, 17.218790846347314, 11.772817482096436, 16.67790197409618, 8.02273230054415, 14.42624874031402, 18.14326433688494, 11.669647957165296, 13.351931525484776, 4.632983249537839, 14.901389552298811, 14.901389552298811, 16.67790197409618, 13.351931525484776, 13.882755469642536, 11.669647957165296, 8.02273230054415, 0.0, 0.0, 0.0, 0.0, 0.0, 0.0, 0.0, 0.0, 0.0, 0.0, 0.0, 0.0, 0.0, 0.0, 0.0, 0.0, 0.0, 0.0, 0.0, 0.0, 0.0, 0.0, 0.0, 0.0, 0.0, 0.0, 0.0, 0.0, 0.0, 0.0], [0.0, 0.0, 0.0, 0.0, 0.0, 0.0, 0.0, 0.0, 0.0, 0.0, 0.0, 0.0, 0.0, 0.0, 0.0, 0.0, 0.0, 0.0, 0.0, 0.0, 0.0, 0.0, 0.0, 0.0, 0.0, 0.0, 0.0, 0.0, 0.0, 0.0, 7.371424606867273, 13.882755469642536, 7.599539441221949, 15.38584485110464, 17.218790846347314, 11.772817482096436, 16.67790197409618, 8.02273230054415, 14.42624874031402, 18.14326433688494, 11.669647957165296, 13.351931525484776, 4.632983249537839, 14.901389552298811, 14.901389552298811, 16.67790197409618, 13.351931525484776, 13.882755469642536, 11.669647957165296, 8.02273230054415, 0.0, 0.0, 0.0, 0.0, 0.0, 0.0, 0.0, 0.0, 0.0, 0.0, 0.0, 0.0, 0.0, 0.0, 0.0, 0.0, 0.0, 0.0, 0.0, 0.0, 0.0, 0.0, 0.0, 0.0, 0.0, 0.0, 0.0, 0.0, 0.0, 0.0], [0.0, 0.0, 0.0, 0.0, 0.0, 0.0, 0.0, 0.0, 0.0, 0.0, 0.0, 0.0, 0.0, 0.0, 0.0, 0.0, 0.0, 0.0, 0.0, 0.0, 0.0, 0.0, 0.0, 0.0, 0.0, 0.0, 0.0, 0.0, 0.0, 0.0, 7.371424606867273, 13.882755469642536, 7.599539441221949, 15.38584485110464, 17.218790846347314, 11.772817482096436, 16.67790197409618, 8.02273230054415, 14.42624874031402, 18.14326433688494, 11.669647957165296, 13.351931525484776, 4.632983249537839, 14.901389552298811, 14.901389552298811, 16.67790197409618, 13.351931525484776, 13.882755469642536, 11.669647957165296, 8.02273230054415, 0.0, 0.0, 0.0, 0.0, 0.0, 0.0, 0.0, 0.0, 0.0, 0.0, 0.0, 0.0, 0.0, 0.0, 0.0, 0.0, 0.0, 0.0, 0.0, 0.0, 0.0, 0.0, 0.0, 0.0, 0.0, 0.0, 0.0, 0.0, 0.0, 0.0], [0.0, 0.0, 0.0, 0.0, 0.0, 0.0, 0.0, 0.0, 0.0, 0.0, 0.0, 0.0, 0.0, 0.0, 0.0, 0.0, 0.0, 0.0, 0.0, 0.0, 0.0, 0.0, 0.0, 0.0, 0.0, 0.0, 0.0, 0.0, 0.0, 0.0, 7.371424606867273, 13.882755469642536, 7.599539441221949, 15.38584485110464, 17.218790846347314, 11.772817482096436, 16.67790197409618, 8.02273230054415, 14.42624874031402, 18.14326433688494, 11.669647957165296, 13.351931525484776, 4.632983249537839, 14.901389552298811, 14.901389552298811, 16.67790197409618, 13.351931525484776, 13.882755469642536, 11.669647957165296, 8.02273230054415, 0.0, 0.0, 0.0, 0.0, 0.0, 0.0, 0.0, 0.0, 0.0, 0.0, 0.0, 0.0, 0.0, 0.0, 0.0, 0.0, 0.0, 0.0, 0.0, 0.0, 0.0, 0.0, 0.0, 0.0, 0.0, 0.0, 0.0, 0.0, 0.0, 0.0], [0.0, 0.0, 0.0, 0.0, 0.0, 0.0, 0.0, 0.0, 0.0, 0.0, 0.0, 0.0, 0.0, 0.0, 0.0, 0.0, 0.0, 0.0, 0.0, 0.0, 0.0, 0.0, 0.0, 0.0, 0.0, 0.0, 0.0, 0.0, 0.0, 0.0, 7.371424606867273, 13.882755469642536, 7.599539441221949, 15.38584485110464, 17.218790846347314, 11.772817482096436, 16.67790197409618, 8.02273230054415, 14.42624874031402, 18.14326433688494, 11.669647957165296, 13.351931525484776, 4.632983249537839, 14.901389552298811, 14.901389552298811, 16.67790197409618, 13.351931525484776, 13.882755469642536, 11.669647957165296, 8.02273230054415, 0.0, 0.0, 0.0, 0.0, 0.0, 0.0, 0.0, 0.0, 0.0, 0.0, 0.0, 0.0, 0.0, 0.0, 0.0, 0.0, 0.0, 0.0, 0.0, 0.0, 0.0, 0.0, 0.0, 0.0, 0.0, 0.0, 0.0, 0.0, 0.0, 0.0], [0.0, 0.0, 0.0, 0.0, 0.0, 0.0, 0.0, 0.0, 0.0, 0.0, 0.0, 0.0, 0.0, 0.0, 0.0, 0.0, 0.0, 0.0, 0.0, 0.0, 0.0, 0.0, 0.0, 0.0, 0.0, 0.0, 0.0, 0.0, 0.0, 0.0, 7.371424606867273, 13.882755469642536, 7.599539441221949, 15.38584485110464, 17.218790846347314, 11.772817482096436, 16.67790197409618, 8.02273230054415, 14.42624874031402, 18.14326433688494, 11.669647957165296, 13.351931525484776, 4.632983249537839, 14.901389552298811, 14.901389552298811, 16.67790197409618, 13.351931525484776, 13.882755469642536, 11.669647957165296, 8.02273230054415, 0.0, 0.0, 0.0, 0.0, 0.0, 0.0, 0.0, 0.0, 0.0, 0.0, 0.0, 0.0, 0.0, 0.0, 0.0, 0.0, 0.0, 0.0, 0.0, 0.0, 0.0, 0.0, 0.0, 0.0, 0.0, 0.0, 0.0, 0.0, 0.0, 0.0], [0.0, 0.0, 0.0, 0.0, 0.0, 0.0, 0.0, 0.0, 0.0, 0.0, 0.0, 0.0, 0.0, 0.0, 0.0, 0.0, 0.0, 0.0, 0.0, 0.0, 0.0, 0.0, 0.0, 0.0, 0.0, 0.0, 0.0, 0.0, 0.0, 0.0, 7.371424606867273, 13.882755469642536, 7.599539441221949, 15.38584485110464, 17.218790846347314, 11.772817482096436, 16.67790197409618, 8.02273230054415, 14.42624874031402, 18.14326433688494, 11.669647957165296, 13.351931525484776, 4.632983249537839, 14.901389552298811, 14.901389552298811, 16.67790197409618, 13.351931525484776, 13.882755469642536, 11.669647957165296, 8.02273230054415, 0.0, 0.0, 0.0, 0.0, 0.0, 0.0, 0.0, 0.0, 0.0, 0.0, 0.0, 0.0, 0.0, 0.0, 0.0, 0.0, 0.0, 0.0, 0.0, 0.0, 0.0, 0.0, 0.0, 0.0, 0.0, 0.0, 0.0, 0.0, 0.0, 0.0], [0.0, 0.0, 0.0, 0.0, 0.0, 0.0, 0.0, 0.0, 0.0, 0.0, 0.0, 0.0, 0.0, 0.0, 0.0, 0.0, 0.0, 0.0, 0.0, 0.0, 0.0, 0.0, 0.0, 0.0, 0.0, 0.0, 0.0, 0.0, 0.0, 0.0, 7.371424606867273, 13.882755469642536, 7.599539441221949, 15.38584485110464, 17.218790846347314, 11.772817482096436, 16.67790197409618, 8.02273230054415, 14.42624874031402, 18.14326433688494, 11.669647957165296, 13.351931525484776, 4.632983249537839, 14.901389552298811, 14.901389552298811, 16.67790197409618, 13.351931525484776, 13.882755469642536, 11.669647957165296, 8.02273230054415, 0.0, 0.0, 0.0, 0.0, 0.0, 0.0, 0.0, 0.0, 0.0, 0.0, 0.0, 0.0, 0.0, 0.0, 0.0, 0.0, 0.0, 0.0, 0.0, 0.0, 0.0, 0.0, 0.0, 0.0, 0.0, 0.0, 0.0, 0.0, 0.0, 0.0], [0.0, 0.0, 0.0, 0.0, 0.0, 0.0, 0.0, 0.0, 0.0, 0.0, 0.0, 0.0, 0.0, 0.0, 0.0, 0.0, 0.0, 0.0, 0.0, 0.0, 0.0, 0.0, 0.0, 0.0, 0.0, 0.0, 0.0, 0.0, 0.0, 0.0, 7.371424606867273, 13.882755469642536, 7.599539441221949, 15.38584485110464, 17.218790846347314, 11.772817482096436, 16.67790197409618, 8.02273230054415, 14.42624874031402, 18.14326433688494, 11.669647957165296, 13.351931525484776, 4.632983249537839, 14.901389552298811, 14.901389552298811, 16.67790197409618, 13.351931525484776, 13.882755469642536, 11.669647957165296, 8.02273230054415, 0.0, 0.0, 0.0, 0.0, 0.0, 0.0, 0.0, 0.0, 0.0, 0.0, 0.0, 0.0, 0.0, 0.0, 0.0, 0.0, 0.0, 0.0, 0.0, 0.0, 0.0, 0.0, 0.0, 0.0, 0.0, 0.0, 0.0, 0.0, 0.0, 0.0], [0.0, 0.0, 0.0, 0.0, 0.0, 0.0, 0.0, 0.0, 0.0, 0.0, 0.0, 0.0, 0.0, 0.0, 0.0, 0.0, 0.0, 0.0, 0.0, 0.0, 0.0, 0.0, 0.0, 0.0, 0.0, 0.0, 0.0, 0.0, 0.0, 0.0, 7.371424606867273, 13.882755469642536, 7.599539441221949, 15.38584485110464, 17.218790846347314, 11.772817482096436, 16.67790197409618, 8.02273230054415, 14.42624874031402, 18.14326433688494, 11.669647957165296, 13.351931525484776, 4.632983249537839, 14.901389552298811, 14.901389552298811, 16.67790197409618, 13.351931525484776, 13.882755469642536, 11.669647957165296, 8.02273230054415, 0.0, 0.0, 0.0, 0.0, 0.0, 0.0, 0.0, 0.0, 0.0, 0.0, 0.0, 0.0, 0.0, 0.0, 0.0, 0.0, 0.0, 0.0, 0.0, 0.0, 0.0, 0.0, 0.0, 0.0, 0.0, 0.0, 0.0, 0.0, 0.0, 0.0], [0.0, 0.0, 0.0, 0.0, 0.0, 0.0, 0.0, 0.0, 0.0, 0.0, 0.0, 0.0, 0.0, 0.0, 0.0, 0.0, 0.0, 0.0, 0.0, 0.0, 0.0, 0.0, 0.0, 0.0, 0.0, 0.0, 0.0, 0.0, 0.0, 0.0, 7.371424606867273, 13.882755469642536, 7.599539441221949, 15.38584485110464, 17.218790846347314, 11.772817482096436, 16.67790197409618, 8.02273230054415, 14.42624874031402, 18.14326433688494, 11.669647957165296, 13.351931525484776, 4.632983249537839, 14.901389552298811, 14.901389552298811, 16.67790197409618, 13.351931525484776, 13.882755469642536, 11.669647957165296, 8.02273230054415, 0.0, 0.0, 0.0, 0.0, 0.0, 0.0, 0.0, 0.0, 0.0, 0.0, 0.0, 0.0, 0.0, 0.0, 0.0, 0.0, 0.0, 0.0, 0.0, 0.0, 0.0, 0.0, 0.0, 0.0, 0.0, 0.0, 0.0, 0.0, 0.0, 0.0]];
