M = 99999999.0;
numWorkers = 30;
numRoles = 3;
numNodes = 80;
wStart = [0, 0, 0, 0, 0, 0, 0, 0, 0, 0, 0, 0, 0, 0, 0, 0, 0, 0, 0, 0, 0, 0, 0, 0, 0, 0, 0, 0, 0, 0, 30, 60, 90, 90, 30, 30, 90, 330, 240, 90, 120, 60, 90, 120, 90, 90, 120, 30, 30, 90, 480, 480, 480, 480, 480, 480, 480, 480, 480, 480, 480, 480, 480, 480, 480, 480, 480, 480, 480, 480, 480, 480, 480, 480, 480, 480, 480, 480, 480, 480];
wEnd = [0, 0, 0, 0, 0, 0, 0, 0, 0, 0, 0, 0, 0, 0, 0, 0, 0, 0, 0, 0, 0, 0, 0, 0, 0, 0, 0, 0, 0, 0, 390, 420, 330, 420, 210, 420, 270, 450, 360, 210, 150, 390, 420, 450, 270, 420, 150, 390, 210, 420, 480, 480, 480, 480, 480, 480, 480, 480, 480, 480, 480, 480, 480, 480, 480, 480, 480, 480, 480, 480, 480, 480, 480, 480, 480, 480, 480, 480, 480, 480];
p = [0, 0, 0, 0, 0, 0, 0, 0, 0, 0, 0, 0, 0, 0, 0, 0, 0, 0, 0, 0, 0, 0, 0, 0, 0, 0, 0, 0, 0, 0, 43.941082847026436, 56.15058330209309, 46.13608760956769, 63.98104520006393, 37.12166000345334, 45.639925003305414, 58.405687819948355, 43.607136414982605, 51.943629031294755, 26.79473221010189, 29.28304832484897, 21.090475711252285, 27.14537819074269, 63.4073798197084, 29.202843909974177, 31.990522600031966, 14.641524162424485, 21.970541423513218, 18.56083000172667, 13.572689095371345, 0, 0, 0, 0, 0, 0, 0, 0, 0, 0, 0, 0, 0, 0, 0, 0, 0, 0, 0, 0, 0, 0, 0, 0, 0, 0, 0, 0, 0, 0];
e = [[1, 1, 0], [0, 1, 1], [1, 1, 0], [0, 1, 0], [1, 1, 0], [1, 1, 0], [0, 1, 0], [1, 1, 0], [1, 1, 0], [0, 1, 1], [1, 1, 0], [1, 1, 0], [0, 1, 1], [1, 1, 0], [0, 1, 1], [1, 1, 0], [0, 1, 0], [0, 1, 1], [0, 1, 1], [0, 1, 1], [0, 1, 0], [1, 1, 0], [0, 0, 1], [0, 1, 0], [1, 0, 0], [0, 0, 1], [0, 0, 1], [0, 0, 1], [0, 1, 0], [0, 0, 1]];
d = [[1, 0, 0, 1, 1, 1, 0, 1, 0, 0, 1, 0, 1, 0, 0, 2, 2, 2, 2, 2], [0, 1, 1, 0, 0, 0, 0, 0, 1, 1, 0, 1, 0, 1, 0, 0, 0, 0, 0, 0], [0, 0, 2, 1, 1, 0, 1, 0, 0, 2, 0, 2, 0, 0, 2, 2, 0, 0, 2, 0]];
r = [4256, 512, 1032, 1577, 257, 1364, 326, 2895, 1867, 1662, 2443, 171, 3412, 1962, 326, 1577, 2443, 4256, 257, 3412];
g = [[0, 0, 0, 0, 0, 0, 0, 0, 0, 0, 0, 0, 0, 0, 0, 0, 0, 1, 0, 0], [0, 0, 0, 0, 0, 0, 0, 0, 0, 0, 0, 0, 0, 0, 0, 0, 0, 0, 0, 0], [0, 0, 0, 0, 0, 0, 0, 0, 0, 0, 0, 0, 0, 0, 0, 0, 0, 0, 0, 0], [0, 0, 0, 0, 0, 0, 0, 0, 0, 0, 0, 0, 0, 0, 0, 1, 0, 0, 0, 0], [0, 0, 0, 0, 0, 0, 0, 0, 0, 0, 0, 0, 0, 0, 0, 0, 0, 0, 1, 0], [0, 0, 0, 0, 0, 0, 0, 0, 0, 0, 0, 0, 0, 0, 0, 0, 0, 0, 0, 0], [0, 0, 0, 0, 0, 0, 0, 0, 0, 0, 0, 0, 0, 0, 1, 0, 0, 0, 0, 0], [0, 0, 0, 0, 0, 0, 0, 0, 0, 0, 0, 0, 0, 0, 0, 0, 0, 0, 0, 0], [0, 0, 0, 0, 0, 0, 0, 0, 0, 0, 0, 0, 0, 0, 0, 0, 0, 0, 0, 0], [0, 0, 0, 0, 0, 0, 0, 0, 0, 0, 0, 0, 0, 0, 0, 0, 0, 0, 0, 0], [0, 0, 0, 0, 0, 0, 0, 0, 0, 0, 0, 0, 0, 0, 0, 0, 1, 0, 0, 0], [0, 0, 0, 0, 0, 0, 0, 0, 0, 0, 0, 0, 0, 0, 0, 0, 0, 0, 0, 0], [0, 0, 0, 0, 0, 0, 0, 0, 0, 0, 0, 0, 0, 0, 0, 0, 0, 0, 0, 1], [0, 0, 0, 0, 0, 0, 0, 0, 0, 0, 0, 0, 0, 0, 0, 0, 0, 0, 0, 0], [0, 0, 0, 0, 0, 0, 1, 0, 0, 0, 0, 0, 0, 0, 0, 0, 0, 0, 0, 0], [0, 0, 0, 1, 0, 0, 0, 0, 0, 0, 0, 0, 0, 0, 0, 0, 0, 0, 0, 0], [0, 0, 0, 0, 0, 0, 0, 0, 0, 0, 1, 0, 0, 0, 0, 0, 0, 0, 0, 0], [1, 0, 0, 0, 0, 0, 0, 0, 0, 0, 0, 0, 0, 0, 0, 0, 0, 0, 0, 0], [0, 0, 0, 0, 1, 0, 0, 0, 0, 0, 0, 0, 0, 0, 0, 0, 0, 0, 0, 0], [0, 0, 0, 0, 0, 0, 0, 0, 0, 0, 0, 0, 1, 0, 0, 0, 0, 0, 0, 0]];
t = [[0.0, 0.0, 0.0, 0.0, 0.0, 0.0, 0.0, 0.0, 0.0, 0.0, 0.0, 0.0, 0.0, 0.0, 0.0, 0.0, 0.0, 0.0, 0.0, 0.0, 0.0, 0.0, 0.0, 0.0, 0.0, 0.0, 0.0, 0.0, 0.0, 0.0, 14.20201614509177, 19.076475818355146, 24.001131951968226, 1.9973341029135063, 20.271654493837794, 13.197210492363567, 26.075819276012208, 26.095296966524586, 14.614719375960169, 24.906479973512198, 18.193320797428573, 16.07214061592944, 28.948566796273433, 17.68592531555722, 26.075819276012208, 1.9973341029135063, 18.193320797428573, 14.20201614509177, 20.271654493837794, 28.948566796273433, 0.0, 0.0, 0.0, 0.0, 0.0, 0.0, 0.0, 0.0, 0.0, 0.0, 0.0, 0.0, 0.0, 0.0, 0.0, 0.0, 0.0, 0.0, 0.0, 0.0, 0.0, 0.0, 0.0, 0.0, 0.0, 0.0, 0.0, 0.0, 0.0, 0.0], [0.0, 0.0, 0.0, 0.0, 0.0, 0.0, 0.0, 0.0, 0.0, 0.0, 0.0, 0.0, 0.0, 0.0, 0.0, 0.0, 0.0, 0.0, 0.0, 0.0, 0.0, 0.0, 0.0, 0.0, 0.0, 0.0, 0.0, 0.0, 0.0, 0.0, 14.20201614509177, 19.076475818355146, 24.001131951968226, 1.9973341029135063, 20.271654493837794, 13.197210492363567, 26.075819276012208, 26.095296966524586, 14.614719375960169, 24.906479973512198, 18.193320797428573, 16.07214061592944, 28.948566796273433, 17.68592531555722, 26.075819276012208, 1.9973341029135063, 18.193320797428573, 14.20201614509177, 20.271654493837794, 28.948566796273433, 0.0, 0.0, 0.0, 0.0, 0.0, 0.0, 0.0, 0.0, 0.0, 0.0, 0.0, 0.0, 0.0, 0.0, 0.0, 0.0, 0.0, 0.0, 0.0, 0.0, 0.0, 0.0, 0.0, 0.0, 0.0, 0.0, 0.0, 0.0, 0.0, 0.0], [0.0, 0.0, 0.0, 0.0, 0.0, 0.0, 0.0, 0.0, 0.0, 0.0, 0.0, 0.0, 0.0, 0.0, 0.0, 0.0, 0.0, 0.0, 0.0, 0.0, 0.0, 0.0, 0.0, 0.0, 0.0, 0.0, 0.0, 0.0, 0.0, 0.0, 14.20201614509177, 19.076475818355146, 24.001131951968226, 1.9973341029135063, 20.271654493837794, 13.197210492363567, 26.075819276012208, 26.095296966524586, 14.614719375960169, 24.906479973512198, 18.193320797428573, 16.07214061592944, 28.948566796273433, 17.68592531555722, 26.075819276012208, 1.9973341029135063, 18.193320797428573, 14.20201614509177, 20.271654493837794, 28.948566796273433, 0.0, 0.0, 0.0, 0.0, 0.0, 0.0, 0.0, 0.0, 0.0, 0.0, 0.0, 0.0, 0.0, 0.0, 0.0, 0.0, 0.0, 0.0, 0.0, 0.0, 0.0, 0.0, 0.0, 0.0, 0.0, 0.0, 0.0, 0.0, 0.0, 0.0], [0.0, 0.0, 0.0, 0.0, 0.0, 0.0, 0.0, 0.0, 0.0, 0.0, 0.0, 0.0, 0.0, 0.0, 0.0, 0.0, 0.0, 0.0, 0.0, 0.0, 0.0, 0.0, 0.0, 0.0, 0.0, 0.0, 0.0, 0.0, 0.0, 0.0, 14.20201614509177, 19.076475818355146, 24.001131951968226, 1.9973341029135063, 20.271654493837794, 13.197210492363567, 26.075819276012208, 26.095296966524586, 14.614719375960169, 24.906479973512198, 18.193320797428573, 16.07214061592944, 28.948566796273433, 17.68592531555722, 26.075819276012208, 1.9973341029135063, 18.193320797428573, 14.20201614509177, 20.271654493837794, 28.948566796273433, 0.0, 0.0, 0.0, 0.0, 0.0, 0.0, 0.0, 0.0, 0.0, 0.0, 0.0, 0.0, 0.0, 0.0, 0.0, 0.0, 0.0, 0.0, 0.0, 0.0, 0.0, 0.0, 0.0, 0.0, 0.0, 0.0, 0.0, 0.0, 0.0, 0.0], [0.0, 0.0, 0.0, 0.0, 0.0, 0.0, 0.0, 0.0, 0.0, 0.0, 0.0, 0.0, 0.0, 0.0, 0.0, 0.0, 0.0, 0.0, 0.0, 0.0, 0.0, 0.0, 0.0, 0.0, 0.0, 0.0, 0.0, 0.0, 0.0, 0.0, 14.20201614509177, 19.076475818355146, 24.001131951968226, 1.9973341029135063, 20.271654493837794, 13.197210492363567, 26.075819276012208, 26.095296966524586, 14.614719375960169, 24.906479973512198, 18.193320797428573, 16.07214061592944, 28.948566796273433, 17.68592531555722, 26.075819276012208, 1.9973341029135063, 18.193320797428573, 14.20201614509177, 20.271654493837794, 28.948566796273433, 0.0, 0.0, 0.0, 0.0, 0.0, 0.0, 0.0, 0.0, 0.0, 0.0, 0.0, 0.0, 0.0, 0.0, 0.0, 0.0, 0.0, 0.0, 0.0, 0.0, 0.0, 0.0, 0.0, 0.0, 0.0, 0.0, 0.0, 0.0, 0.0, 0.0], [0.0, 0.0, 0.0, 0.0, 0.0, 0.0, 0.0, 0.0, 0.0, 0.0, 0.0, 0.0, 0.0, 0.0, 0.0, 0.0, 0.0, 0.0, 0.0, 0.0, 0.0, 0.0, 0.0, 0.0, 0.0, 0.0, 0.0, 0.0, 0.0, 0.0, 14.20201614509177, 19.076475818355146, 24.001131951968226, 1.9973341029135063, 20.271654493837794, 13.197210492363567, 26.075819276012208, 26.095296966524586, 14.614719375960169, 24.906479973512198, 18.193320797428573, 16.07214061592944, 28.948566796273433, 17.68592531555722, 26.075819276012208, 1.9973341029135063, 18.193320797428573, 14.20201614509177, 20.271654493837794, 28.948566796273433, 0.0, 0.0, 0.0, 0.0, 0.0, 0.0, 0.0, 0.0, 0.0, 0.0, 0.0, 0.0, 0.0, 0.0, 0.0, 0.0, 0.0, 0.0, 0.0, 0.0, 0.0, 0.0, 0.0, 0.0, 0.0, 0.0, 0.0, 0.0, 0.0, 0.0], [0.0, 0.0, 0.0, 0.0, 0.0, 0.0, 0.0, 0.0, 0.0, 0.0, 0.0, 0.0, 0.0, 0.0, 0.0, 0.0, 0.0, 0.0, 0.0, 0.0, 0.0, 0.0, 0.0, 0.0, 0.0, 0.0, 0.0, 0.0, 0.0, 0.0, 14.20201614509177, 19.076475818355146, 24.001131951968226, 1.9973341029135063, 20.271654493837794, 13.197210492363567, 26.075819276012208, 26.095296966524586, 14.614719375960169, 24.906479973512198, 18.193320797428573, 16.07214061592944, 28.948566796273433, 17.68592531555722, 26.075819276012208, 1.9973341029135063, 18.193320797428573, 14.20201614509177, 20.271654493837794, 28.948566796273433, 0.0, 0.0, 0.0, 0.0, 0.0, 0.0, 0.0, 0.0, 0.0, 0.0, 0.0, 0.0, 0.0, 0.0, 0.0, 0.0, 0.0, 0.0, 0.0, 0.0, 0.0, 0.0, 0.0, 0.0, 0.0, 0.0, 0.0, 0.0, 0.0, 0.0], [0.0, 0.0, 0.0, 0.0, 0.0, 0.0, 0.0, 0.0, 0.0, 0.0, 0.0, 0.0, 0.0, 0.0, 0.0, 0.0, 0.0, 0.0, 0.0, 0.0, 0.0, 0.0, 0.0, 0.0, 0.0, 0.0, 0.0, 0.0, 0.0, 0.0, 14.20201614509177, 19.076475818355146, 24.001131951968226, 1.9973341029135063, 20.271654493837794, 13.197210492363567, 26.075819276012208, 26.095296966524586, 14.614719375960169, 24.906479973512198, 18.193320797428573, 16.07214061592944, 28.948566796273433, 17.68592531555722, 26.075819276012208, 1.9973341029135063, 18.193320797428573, 14.20201614509177, 20.271654493837794, 28.948566796273433, 0.0, 0.0, 0.0, 0.0, 0.0, 0.0, 0.0, 0.0, 0.0, 0.0, 0.0, 0.0, 0.0, 0.0, 0.0, 0.0, 0.0, 0.0, 0.0, 0.0, 0.0, 0.0, 0.0, 0.0, 0.0, 0.0, 0.0, 0.0, 0.0, 0.0], [0.0, 0.0, 0.0, 0.0, 0.0, 0.0, 0.0, 0.0, 0.0, 0.0, 0.0, 0.0, 0.0, 0.0, 0.0, 0.0, 0.0, 0.0, 0.0, 0.0, 0.0, 0.0, 0.0, 0.0, 0.0, 0.0, 0.0, 0.0, 0.0, 0.0, 14.20201614509177, 19.076475818355146, 24.001131951968226, 1.9973341029135063, 20.271654493837794, 13.197210492363567, 26.075819276012208, 26.095296966524586, 14.614719375960169, 24.906479973512198, 18.193320797428573, 16.07214061592944, 28.948566796273433, 17.68592531555722, 26.075819276012208, 1.9973341029135063, 18.193320797428573, 14.20201614509177, 20.271654493837794, 28.948566796273433, 0.0, 0.0, 0.0, 0.0, 0.0, 0.0, 0.0, 0.0, 0.0, 0.0, 0.0, 0.0, 0.0, 0.0, 0.0, 0.0, 0.0, 0.0, 0.0, 0.0, 0.0, 0.0, 0.0, 0.0, 0.0, 0.0, 0.0, 0.0, 0.0, 0.0], [0.0, 0.0, 0.0, 0.0, 0.0, 0.0, 0.0, 0.0, 0.0, 0.0, 0.0, 0.0, 0.0, 0.0, 0.0, 0.0, 0.0, 0.0, 0.0, 0.0, 0.0, 0.0, 0.0, 0.0, 0.0, 0.0, 0.0, 0.0, 0.0, 0.0, 14.20201614509177, 19.076475818355146, 24.001131951968226, 1.9973341029135063, 20.271654493837794, 13.197210492363567, 26.075819276012208, 26.095296966524586, 14.614719375960169, 24.906479973512198, 18.193320797428573, 16.07214061592944, 28.948566796273433, 17.68592531555722, 26.075819276012208, 1.9973341029135063, 18.193320797428573, 14.20201614509177, 20.271654493837794, 28.948566796273433, 0.0, 0.0, 0.0, 0.0, 0.0, 0.0, 0.0, 0.0, 0.0, 0.0, 0.0, 0.0, 0.0, 0.0, 0.0, 0.0, 0.0, 0.0, 0.0, 0.0, 0.0, 0.0, 0.0, 0.0, 0.0, 0.0, 0.0, 0.0, 0.0, 0.0], [0.0, 0.0, 0.0, 0.0, 0.0, 0.0, 0.0, 0.0, 0.0, 0.0, 0.0, 0.0, 0.0, 0.0, 0.0, 0.0, 0.0, 0.0, 0.0, 0.0, 0.0, 0.0, 0.0, 0.0, 0.0, 0.0, 0.0, 0.0, 0.0, 0.0, 14.20201614509177, 19.076475818355146, 24.001131951968226, 1.9973341029135063, 20.271654493837794, 13.197210492363567, 26.075819276012208, 26.095296966524586, 14.614719375960169, 24.906479973512198, 18.193320797428573, 16.07214061592944, 28.948566796273433, 17.68592531555722, 26.075819276012208, 1.9973341029135063, 18.193320797428573, 14.20201614509177, 20.271654493837794, 28.948566796273433, 0.0, 0.0, 0.0, 0.0, 0.0, 0.0, 0.0, 0.0, 0.0, 0.0, 0.0, 0.0, 0.0, 0.0, 0.0, 0.0, 0.0, 0.0, 0.0, 0.0, 0.0, 0.0, 0.0, 0.0, 0.0, 0.0, 0.0, 0.0, 0.0, 0.0], [0.0, 0.0, 0.0, 0.0, 0.0, 0.0, 0.0, 0.0, 0.0, 0.0, 0.0, 0.0, 0.0, 0.0, 0.0, 0.0, 0.0, 0.0, 0.0, 0.0, 0.0, 0.0, 0.0, 0.0, 0.0, 0.0, 0.0, 0.0, 0.0, 0.0, 14.20201614509177, 19.076475818355146, 24.001131951968226, 1.9973341029135063, 20.271654493837794, 13.197210492363567, 26.075819276012208, 26.095296966524586, 14.614719375960169, 24.906479973512198, 18.193320797428573, 16.07214061592944, 28.948566796273433, 17.68592531555722, 26.075819276012208, 1.9973341029135063, 18.193320797428573, 14.20201614509177, 20.271654493837794, 28.948566796273433, 0.0, 0.0, 0.0, 0.0, 0.0, 0.0, 0.0, 0.0, 0.0, 0.0, 0.0, 0.0, 0.0, 0.0, 0.0, 0.0, 0.0, 0.0, 0.0, 0.0, 0.0, 0.0, 0.0, 0.0, 0.0, 0.0, 0.0, 0.0, 0.0, 0.0], [0.0, 0.0, 0.0, 0.0, 0.0, 0.0, 0.0, 0.0, 0.0, 0.0, 0.0, 0.0, 0.0, 0.0, 0.0, 0.0, 0.0, 0.0, 0.0, 0.0, 0.0, 0.0, 0.0, 0.0, 0.0, 0.0, 0.0, 0.0, 0.0, 0.0, 14.20201614509177, 19.076475818355146, 24.001131951968226, 1.9973341029135063, 20.271654493837794, 13.197210492363567, 26.075819276012208, 26.095296966524586, 14.614719375960169, 24.906479973512198, 18.193320797428573, 16.07214061592944, 28.948566796273433, 17.68592531555722, 26.075819276012208, 1.9973341029135063, 18.193320797428573, 14.20201614509177, 20.271654493837794, 28.948566796273433, 0.0, 0.0, 0.0, 0.0, 0.0, 0.0, 0.0, 0.0, 0.0, 0.0, 0.0, 0.0, 0.0, 0.0, 0.0, 0.0, 0.0, 0.0, 0.0, 0.0, 0.0, 0.0, 0.0, 0.0, 0.0, 0.0, 0.0, 0.0, 0.0, 0.0], [0.0, 0.0, 0.0, 0.0, 0.0, 0.0, 0.0, 0.0, 0.0, 0.0, 0.0, 0.0, 0.0, 0.0, 0.0, 0.0, 0.0, 0.0, 0.0, 0.0, 0.0, 0.0, 0.0, 0.0, 0.0, 0.0, 0.0, 0.0, 0.0, 0.0, 14.20201614509177, 19.076475818355146, 24.001131951968226, 1.9973341029135063, 20.271654493837794, 13.197210492363567, 26.075819276012208, 26.095296966524586, 14.614719375960169, 24.906479973512198, 18.193320797428573, 16.07214061592944, 28.948566796273433, 17.68592531555722, 26.075819276012208, 1.9973341029135063, 18.193320797428573, 14.20201614509177, 20.271654493837794, 28.948566796273433, 0.0, 0.0, 0.0, 0.0, 0.0, 0.0, 0.0, 0.0, 0.0, 0.0, 0.0, 0.0, 0.0, 0.0, 0.0, 0.0, 0.0, 0.0, 0.0, 0.0, 0.0, 0.0, 0.0, 0.0, 0.0, 0.0, 0.0, 0.0, 0.0, 0.0], [0.0, 0.0, 0.0, 0.0, 0.0, 0.0, 0.0, 0.0, 0.0, 0.0, 0.0, 0.0, 0.0, 0.0, 0.0, 0.0, 0.0, 0.0, 0.0, 0.0, 0.0, 0.0, 0.0, 0.0, 0.0, 0.0, 0.0, 0.0, 0.0, 0.0, 14.20201614509177, 19.076475818355146, 24.001131951968226, 1.9973341029135063, 20.271654493837794, 13.197210492363567, 26.075819276012208, 26.095296966524586, 14.614719375960169, 24.906479973512198, 18.193320797428573, 16.07214061592944, 28.948566796273433, 17.68592531555722, 26.075819276012208, 1.9973341029135063, 18.193320797428573, 14.20201614509177, 20.271654493837794, 28.948566796273433, 0.0, 0.0, 0.0, 0.0, 0.0, 0.0, 0.0, 0.0, 0.0, 0.0, 0.0, 0.0, 0.0, 0.0, 0.0, 0.0, 0.0, 0.0, 0.0, 0.0, 0.0, 0.0, 0.0, 0.0, 0.0, 0.0, 0.0, 0.0, 0.0, 0.0], [0.0, 0.0, 0.0, 0.0, 0.0, 0.0, 0.0, 0.0, 0.0, 0.0, 0.0, 0.0, 0.0, 0.0, 0.0, 0.0, 0.0, 0.0, 0.0, 0.0, 0.0, 0.0, 0.0, 0.0, 0.0, 0.0, 0.0, 0.0, 0.0, 0.0, 14.20201614509177, 19.076475818355146, 24.001131951968226, 1.9973341029135063, 20.271654493837794, 13.197210492363567, 26.075819276012208, 26.095296966524586, 14.614719375960169, 24.906479973512198, 18.193320797428573, 16.07214061592944, 28.948566796273433, 17.68592531555722, 26.075819276012208, 1.9973341029135063, 18.193320797428573, 14.20201614509177, 20.271654493837794, 28.948566796273433, 0.0, 0.0, 0.0, 0.0, 0.0, 0.0, 0.0, 0.0, 0.0, 0.0, 0.0, 0.0, 0.0, 0.0, 0.0, 0.0, 0.0, 0.0, 0.0, 0.0, 0.0, 0.0, 0.0, 0.0, 0.0, 0.0, 0.0, 0.0, 0.0, 0.0], [0.0, 0.0, 0.0, 0.0, 0.0, 0.0, 0.0, 0.0, 0.0, 0.0, 0.0, 0.0, 0.0, 0.0, 0.0, 0.0, 0.0, 0.0, 0.0, 0.0, 0.0, 0.0, 0.0, 0.0, 0.0, 0.0, 0.0, 0.0, 0.0, 0.0, 14.20201614509177, 19.076475818355146, 24.001131951968226, 1.9973341029135063, 20.271654493837794, 13.197210492363567, 26.075819276012208, 26.095296966524586, 14.614719375960169, 24.906479973512198, 18.193320797428573, 16.07214061592944, 28.948566796273433, 17.68592531555722, 26.075819276012208, 1.9973341029135063, 18.193320797428573, 14.20201614509177, 20.271654493837794, 28.948566796273433, 0.0, 0.0, 0.0, 0.0, 0.0, 0.0, 0.0, 0.0, 0.0, 0.0, 0.0, 0.0, 0.0, 0.0, 0.0, 0.0, 0.0, 0.0, 0.0, 0.0, 0.0, 0.0, 0.0, 0.0, 0.0, 0.0, 0.0, 0.0, 0.0, 0.0], [0.0, 0.0, 0.0, 0.0, 0.0, 0.0, 0.0, 0.0, 0.0, 0.0, 0.0, 0.0, 0.0, 0.0, 0.0, 0.0, 0.0, 0.0, 0.0, 0.0, 0.0, 0.0, 0.0, 0.0, 0.0, 0.0, 0.0, 0.0, 0.0, 0.0, 14.20201614509177, 19.076475818355146, 24.001131951968226, 1.9973341029135063, 20.271654493837794, 13.197210492363567, 26.075819276012208, 26.095296966524586, 14.614719375960169, 24.906479973512198, 18.193320797428573, 16.07214061592944, 28.948566796273433, 17.68592531555722, 26.075819276012208, 1.9973341029135063, 18.193320797428573, 14.20201614509177, 20.271654493837794, 28.948566796273433, 0.0, 0.0, 0.0, 0.0, 0.0, 0.0, 0.0, 0.0, 0.0, 0.0, 0.0, 0.0, 0.0, 0.0, 0.0, 0.0, 0.0, 0.0, 0.0, 0.0, 0.0, 0.0, 0.0, 0.0, 0.0, 0.0, 0.0, 0.0, 0.0, 0.0], [0.0, 0.0, 0.0, 0.0, 0.0, 0.0, 0.0, 0.0, 0.0, 0.0, 0.0, 0.0, 0.0, 0.0, 0.0, 0.0, 0.0, 0.0, 0.0, 0.0, 0.0, 0.0, 0.0, 0.0, 0.0, 0.0, 0.0, 0.0, 0.0, 0.0, 14.20201614509177, 19.076475818355146, 24.001131951968226, 1.9973341029135063, 20.271654493837794, 13.197210492363567, 26.075819276012208, 26.095296966524586, 14.614719375960169, 24.906479973512198, 18.193320797428573, 16.07214061592944, 28.948566796273433, 17.68592531555722, 26.075819276012208, 1.9973341029135063, 18.193320797428573, 14.20201614509177, 20.271654493837794, 28.948566796273433, 0.0, 0.0, 0.0, 0.0, 0.0, 0.0, 0.0, 0.0, 0.0, 0.0, 0.0, 0.0, 0.0, 0.0, 0.0, 0.0, 0.0, 0.0, 0.0, 0.0, 0.0, 0.0, 0.0, 0.0, 0.0, 0.0, 0.0, 0.0, 0.0, 0.0], [0.0, 0.0, 0.0, 0.0, 0.0, 0.0, 0.0, 0.0, 0.0, 0.0, 0.0, 0.0, 0.0, 0.0, 0.0, 0.0, 0.0, 0.0, 0.0, 0.0, 0.0, 0.0, 0.0, 0.0, 0.0, 0.0, 0.0, 0.0, 0.0, 0.0, 14.20201614509177, 19.076475818355146, 24.001131951968226, 1.9973341029135063, 20.271654493837794, 13.197210492363567, 26.075819276012208, 26.095296966524586, 14.614719375960169, 24.906479973512198, 18.193320797428573, 16.07214061592944, 28.948566796273433, 17.68592531555722, 26.075819276012208, 1.9973341029135063, 18.193320797428573, 14.20201614509177, 20.271654493837794, 28.948566796273433, 0.0, 0.0, 0.0, 0.0, 0.0, 0.0, 0.0, 0.0, 0.0, 0.0, 0.0, 0.0, 0.0, 0.0, 0.0, 0.0, 0.0, 0.0, 0.0, 0.0, 0.0, 0.0, 0.0, 0.0, 0.0, 0.0, 0.0, 0.0, 0.0, 0.0], [0.0, 0.0, 0.0, 0.0, 0.0, 0.0, 0.0, 0.0, 0.0, 0.0, 0.0, 0.0, 0.0, 0.0, 0.0, 0.0, 0.0, 0.0, 0.0, 0.0, 0.0, 0.0, 0.0, 0.0, 0.0, 0.0, 0.0, 0.0, 0.0, 0.0, 14.20201614509177, 19.076475818355146, 24.001131951968226, 1.9973341029135063, 20.271654493837794, 13.197210492363567, 26.075819276012208, 26.095296966524586, 14.614719375960169, 24.906479973512198, 18.193320797428573, 16.07214061592944, 28.948566796273433, 17.68592531555722, 26.075819276012208, 1.9973341029135063, 18.193320797428573, 14.20201614509177, 20.271654493837794, 28.948566796273433, 0.0, 0.0, 0.0, 0.0, 0.0, 0.0, 0.0, 0.0, 0.0, 0.0, 0.0, 0.0, 0.0, 0.0, 0.0, 0.0, 0.0, 0.0, 0.0, 0.0, 0.0, 0.0, 0.0, 0.0, 0.0, 0.0, 0.0, 0.0, 0.0, 0.0], [0.0, 0.0, 0.0, 0.0, 0.0, 0.0, 0.0, 0.0, 0.0, 0.0, 0.0, 0.0, 0.0, 0.0, 0.0, 0.0, 0.0, 0.0, 0.0, 0.0, 0.0, 0.0, 0.0, 0.0, 0.0, 0.0, 0.0, 0.0, 0.0, 0.0, 14.20201614509177, 19.076475818355146, 24.001131951968226, 1.9973341029135063, 20.271654493837794, 13.197210492363567, 26.075819276012208, 26.095296966524586, 14.614719375960169, 24.906479973512198, 18.193320797428573, 16.07214061592944, 28.948566796273433, 17.68592531555722, 26.075819276012208, 1.9973341029135063, 18.193320797428573, 14.20201614509177, 20.271654493837794, 28.948566796273433, 0.0, 0.0, 0.0, 0.0, 0.0, 0.0, 0.0, 0.0, 0.0, 0.0, 0.0, 0.0, 0.0, 0.0, 0.0, 0.0, 0.0, 0.0, 0.0, 0.0, 0.0, 0.0, 0.0, 0.0, 0.0, 0.0, 0.0, 0.0, 0.0, 0.0], [0.0, 0.0, 0.0, 0.0, 0.0, 0.0, 0.0, 0.0, 0.0, 0.0, 0.0, 0.0, 0.0, 0.0, 0.0, 0.0, 0.0, 0.0, 0.0, 0.0, 0.0, 0.0, 0.0, 0.0, 0.0, 0.0, 0.0, 0.0, 0.0, 0.0, 14.20201614509177, 19.076475818355146, 24.001131951968226, 1.9973341029135063, 20.271654493837794, 13.197210492363567, 26.075819276012208, 26.095296966524586, 14.614719375960169, 24.906479973512198, 18.193320797428573, 16.07214061592944, 28.948566796273433, 17.68592531555722, 26.075819276012208, 1.9973341029135063, 18.193320797428573, 14.20201614509177, 20.271654493837794, 28.948566796273433, 0.0, 0.0, 0.0, 0.0, 0.0, 0.0, 0.0, 0.0, 0.0, 0.0, 0.0, 0.0, 0.0, 0.0, 0.0, 0.0, 0.0, 0.0, 0.0, 0.0, 0.0, 0.0, 0.0, 0.0, 0.0, 0.0, 0.0, 0.0, 0.0, 0.0], [0.0, 0.0, 0.0, 0.0, 0.0, 0.0, 0.0, 0.0, 0.0, 0.0, 0.0, 0.0, 0.0, 0.0, 0.0, 0.0, 0.0, 0.0, 0.0, 0.0, 0.0, 0.0, 0.0, 0.0, 0.0, 0.0, 0.0, 0.0, 0.0, 0.0, 14.20201614509177, 19.076475818355146, 24.001131951968226, 1.9973341029135063, 20.271654493837794, 13.197210492363567, 26.075819276012208, 26.095296966524586, 14.614719375960169, 24.906479973512198, 18.193320797428573, 16.07214061592944, 28.948566796273433, 17.68592531555722, 26.075819276012208, 1.9973341029135063, 18.193320797428573, 14.20201614509177, 20.271654493837794, 28.948566796273433, 0.0, 0.0, 0.0, 0.0, 0.0, 0.0, 0.0, 0.0, 0.0, 0.0, 0.0, 0.0, 0.0, 0.0, 0.0, 0.0, 0.0, 0.0, 0.0, 0.0, 0.0, 0.0, 0.0, 0.0, 0.0, 0.0, 0.0, 0.0, 0.0, 0.0], [0.0, 0.0, 0.0, 0.0, 0.0, 0.0, 0.0, 0.0, 0.0, 0.0, 0.0, 0.0, 0.0, 0.0, 0.0, 0.0, 0.0, 0.0, 0.0, 0.0, 0.0, 0.0, 0.0, 0.0, 0.0, 0.0, 0.0, 0.0, 0.0, 0.0, 14.20201614509177, 19.076475818355146, 24.001131951968226, 1.9973341029135063, 20.271654493837794, 13.197210492363567, 26.075819276012208, 26.095296966524586, 14.614719375960169, 24.906479973512198, 18.193320797428573, 16.07214061592944, 28.948566796273433, 17.68592531555722, 26.075819276012208, 1.9973341029135063, 18.193320797428573, 14.20201614509177, 20.271654493837794, 28.948566796273433, 0.0, 0.0, 0.0, 0.0, 0.0, 0.0, 0.0, 0.0, 0.0, 0.0, 0.0, 0.0, 0.0, 0.0, 0.0, 0.0, 0.0, 0.0, 0.0, 0.0, 0.0, 0.0, 0.0, 0.0, 0.0, 0.0, 0.0, 0.0, 0.0, 0.0], [0.0, 0.0, 0.0, 0.0, 0.0, 0.0, 0.0, 0.0, 0.0, 0.0, 0.0, 0.0, 0.0, 0.0, 0.0, 0.0, 0.0, 0.0, 0.0, 0.0, 0.0, 0.0, 0.0, 0.0, 0.0, 0.0, 0.0, 0.0, 0.0, 0.0, 14.20201614509177, 19.076475818355146, 24.001131951968226, 1.9973341029135063, 20.271654493837794, 13.197210492363567, 26.075819276012208, 26.095296966524586, 14.614719375960169, 24.906479973512198, 18.193320797428573, 16.07214061592944, 28.948566796273433, 17.68592531555722, 26.075819276012208, 1.9973341029135063, 18.193320797428573, 14.20201614509177, 20.271654493837794, 28.948566796273433, 0.0, 0.0, 0.0, 0.0, 0.0, 0.0, 0.0, 0.0, 0.0, 0.0, 0.0, 0.0, 0.0, 0.0, 0.0, 0.0, 0.0, 0.0, 0.0, 0.0, 0.0, 0.0, 0.0, 0.0, 0.0, 0.0, 0.0, 0.0, 0.0, 0.0], [0.0, 0.0, 0.0, 0.0, 0.0, 0.0, 0.0, 0.0, 0.0, 0.0, 0.0, 0.0, 0.0, 0.0, 0.0, 0.0, 0.0, 0.0, 0.0, 0.0, 0.0, 0.0, 0.0, 0.0, 0.0, 0.0, 0.0, 0.0, 0.0, 0.0, 14.20201614509177, 19.076475818355146, 24.001131951968226, 1.9973341029135063, 20.271654493837794, 13.197210492363567, 26.075819276012208, 26.095296966524586, 14.614719375960169, 24.906479973512198, 18.193320797428573, 16.07214061592944, 28.948566796273433, 17.68592531555722, 26.075819276012208, 1.9973341029135063, 18.193320797428573, 14.20201614509177, 20.271654493837794, 28.948566796273433, 0.0, 0.0, 0.0, 0.0, 0.0, 0.0, 0.0, 0.0, 0.0, 0.0, 0.0, 0.0, 0.0, 0.0, 0.0, 0.0, 0.0, 0.0, 0.0, 0.0, 0.0, 0.0, 0.0, 0.0, 0.0, 0.0, 0.0, 0.0, 0.0, 0.0], [0.0, 0.0, 0.0, 0.0, 0.0, 0.0, 0.0, 0.0, 0.0, 0.0, 0.0, 0.0, 0.0, 0.0, 0.0, 0.0, 0.0, 0.0, 0.0, 0.0, 0.0, 0.0, 0.0, 0.0, 0.0, 0.0, 0.0, 0.0, 0.0, 0.0, 14.20201614509177, 19.076475818355146, 24.001131951968226, 1.9973341029135063, 20.271654493837794, 13.197210492363567, 26.075819276012208, 26.095296966524586, 14.614719375960169, 24.906479973512198, 18.193320797428573, 16.07214061592944, 28.948566796273433, 17.68592531555722, 26.075819276012208, 1.9973341029135063, 18.193320797428573, 14.20201614509177, 20.271654493837794, 28.948566796273433, 0.0, 0.0, 0.0, 0.0, 0.0, 0.0, 0.0, 0.0, 0.0, 0.0, 0.0, 0.0, 0.0, 0.0, 0.0, 0.0, 0.0, 0.0, 0.0, 0.0, 0.0, 0.0, 0.0, 0.0, 0.0, 0.0, 0.0, 0.0, 0.0, 0.0], [0.0, 0.0, 0.0, 0.0, 0.0, 0.0, 0.0, 0.0, 0.0, 0.0, 0.0, 0.0, 0.0, 0.0, 0.0, 0.0, 0.0, 0.0, 0.0, 0.0, 0.0, 0.0, 0.0, 0.0, 0.0, 0.0, 0.0, 0.0, 0.0, 0.0, 14.20201614509177, 19.076475818355146, 24.001131951968226, 1.9973341029135063, 20.271654493837794, 13.197210492363567, 26.075819276012208, 26.095296966524586, 14.614719375960169, 24.906479973512198, 18.193320797428573, 16.07214061592944, 28.948566796273433, 17.68592531555722, 26.075819276012208, 1.9973341029135063, 18.193320797428573, 14.20201614509177, 20.271654493837794, 28.948566796273433, 0.0, 0.0, 0.0, 0.0, 0.0, 0.0, 0.0, 0.0, 0.0, 0.0, 0.0, 0.0, 0.0, 0.0, 0.0, 0.0, 0.0, 0.0, 0.0, 0.0, 0.0, 0.0, 0.0, 0.0, 0.0, 0.0, 0.0, 0.0, 0.0, 0.0], [0.0, 0.0, 0.0, 0.0, 0.0, 0.0, 0.0, 0.0, 0.0, 0.0, 0.0, 0.0, 0.0, 0.0, 0.0, 0.0, 0.0, 0.0, 0.0, 0.0, 0.0, 0.0, 0.0, 0.0, 0.0, 0.0, 0.0, 0.0, 0.0, 0.0, 14.20201614509177, 19.076475818355146, 24.001131951968226, 1.9973341029135063, 20.271654493837794, 13.197210492363567, 26.075819276012208, 26.095296966524586, 14.614719375960169, 24.906479973512198, 18.193320797428573, 16.07214061592944, 28.948566796273433, 17.68592531555722, 26.075819276012208, 1.9973341029135063, 18.193320797428573, 14.20201614509177, 20.271654493837794, 28.948566796273433, 0.0, 0.0, 0.0, 0.0, 0.0, 0.0, 0.0, 0.0, 0.0, 0.0, 0.0, 0.0, 0.0, 0.0, 0.0, 0.0, 0.0, 0.0, 0.0, 0.0, 0.0, 0.0, 0.0, 0.0, 0.0, 0.0, 0.0, 0.0, 0.0, 0.0], [14.20201614509177, 14.20201614509177, 14.20201614509177, 14.20201614509177, 14.20201614509177, 14.20201614509177, 14.20201614509177, 14.20201614509177, 14.20201614509177, 14.20201614509177, 14.20201614509177, 14.20201614509177, 14.20201614509177, 14.20201614509177, 14.20201614509177, 14.20201614509177, 14.20201614509177, 14.20201614509177, 14.20201614509177, 14.20201614509177, 14.20201614509177, 14.20201614509177, 14.20201614509177, 14.20201614509177, 14.20201614509177, 14.20201614509177, 14.20201614509177, 14.20201614509177, 14.20201614509177, 14.20201614509177, 0.0, 23.60761739504959, 10.666960422137205, 14.102324772590809, 8.456592639309639, 3.276710708018422, 13.627259107941686, 17.042105877786618, 10.454799041372338, 18.10035288105305, 6.050594074171441, 9.569480703972712, 19.569774128559207, 16.70202253726546, 13.627259107941686, 14.102324772590809, 6.050594074171441, 0.0, 8.456592639309639, 19.569774128559207, 14.20201614509177, 14.20201614509177, 14.20201614509177, 14.20201614509177, 14.20201614509177, 14.20201614509177, 14.20201614509177, 14.20201614509177, 14.20201614509177, 14.20201614509177, 14.20201614509177, 14.20201614509177, 14.20201614509177, 14.20201614509177, 14.20201614509177, 14.20201614509177, 14.20201614509177, 14.20201614509177, 14.20201614509177, 14.20201614509177, 14.20201614509177, 14.20201614509177, 14.20201614509177, 14.20201614509177, 14.20201614509177, 14.20201614509177, 14.20201614509177, 14.20201614509177, 14.20201614509177, 14.20201614509177], [19.076475818355146, 19.076475818355146, 19.076475818355146, 19.076475818355146, 19.076475818355146, 19.076475818355146, 19.076475818355146, 19.076475818355146, 19.076475818355146, 19.076475818355146, 19.076475818355146, 19.076475818355146, 19.076475818355146, 19.076475818355146, 19.076475818355146, 19.076475818355146, 19.076475818355146, 19.076475818355146, 19.076475818355146, 19.076475818355146, 19.076475818355146, 19.076475818355146, 19.076475818355146, 19.076475818355146, 19.076475818355146, 19.076475818355146, 19.076475818355146, 19.076475818355146, 19.076475818355146, 19.076475818355146, 23.60761739504959, 0.0, 26.80826168275334, 21.05719529107083, 22.347844023167493, 20.411478930347933, 26.251798702532394, 20.834688746874892, 13.944438675061443, 17.160690193337473, 22.143654709800348, 15.894184459578769, 22.88947398686785, 8.71360451119051, 26.251798702532394, 21.05719529107083, 22.143654709800348, 23.60761739504959, 22.347844023167493, 22.88947398686785, 19.076475818355146, 19.076475818355146, 19.076475818355146, 19.076475818355146, 19.076475818355146, 19.076475818355146, 19.076475818355146, 19.076475818355146, 19.076475818355146, 19.076475818355146, 19.076475818355146, 19.076475818355146, 19.076475818355146, 19.076475818355146, 19.076475818355146, 19.076475818355146, 19.076475818355146, 19.076475818355146, 19.076475818355146, 19.076475818355146, 19.076475818355146, 19.076475818355146, 19.076475818355146, 19.076475818355146, 19.076475818355146, 19.076475818355146, 19.076475818355146, 19.076475818355146, 19.076475818355146, 19.076475818355146], [24.001131951968226, 24.001131951968226, 24.001131951968226, 24.001131951968226, 24.001131951968226, 24.001131951968226, 24.001131951968226, 24.001131951968226, 24.001131951968226, 24.001131951968226, 24.001131951968226, 24.001131951968226, 24.001131951968226, 24.001131951968226, 24.001131951968226, 24.001131951968226, 24.001131951968226, 24.001131951968226, 24.001131951968226, 24.001131951968226, 24.001131951968226, 24.001131951968226, 24.001131951968226, 24.001131951968226, 24.001131951968226, 24.001131951968226, 24.001131951968226, 24.001131951968226, 24.001131951968226, 24.001131951968226, 10.666960422137205, 26.80826168275334, 0.0, 24.298527337922046, 4.572871638000546, 10.803924556155653, 3.657709357201913, 10.55559411271658, 13.360274992394734, 13.736503765936328, 5.920757115647736, 11.163952772030797, 11.978762480156218, 18.19669093613085, 3.657709357201913, 24.298527337922046, 5.920757115647736, 10.666960422137205, 4.572871638000546, 11.978762480156218, 24.001131951968226, 24.001131951968226, 24.001131951968226, 24.001131951968226, 24.001131951968226, 24.001131951968226, 24.001131951968226, 24.001131951968226, 24.001131951968226, 24.001131951968226, 24.001131951968226, 24.001131951968226, 24.001131951968226, 24.001131951968226, 24.001131951968226, 24.001131951968226, 24.001131951968226, 24.001131951968226, 24.001131951968226, 24.001131951968226, 24.001131951968226, 24.001131951968226, 24.001131951968226, 24.001131951968226, 24.001131951968226, 24.001131951968226, 24.001131951968226, 24.001131951968226, 24.001131951968226, 24.001131951968226], [1.9973341029135063, 1.9973341029135063, 1.9973341029135063, 1.9973341029135063, 1.9973341029135063, 1.9973341029135063, 1.9973341029135063, 1.9973341029135063, 1.9973341029135063, 1.9973341029135063, 1.9973341029135063, 1.9973341029135063, 1.9973341029135063, 1.9973341029135063, 1.9973341029135063, 1.9973341029135063, 1.9973341029135063, 1.9973341029135063, 1.9973341029135063, 1.9973341029135063, 1.9973341029135063, 1.9973341029135063, 1.9973341029135063, 1.9973341029135063, 1.9973341029135063, 1.9973341029135063, 1.9973341029135063, 1.9973341029135063, 1.9973341029135063, 1.9973341029135063, 14.102324772590809, 21.05719529107083, 24.298527337922046, 0.0, 20.8151167347432, 13.558623048543058, 26.600264918443532, 27.151151632162218, 15.8612830544797, 26.20348434855716, 18.62301052068444, 17.13818788904138, 30.0, 19.35861305311511, 26.600264918443532, 0.0, 18.62301052068444, 14.102324772590809, 20.8151167347432, 30.0, 1.9973341029135063, 1.9973341029135063, 1.9973341029135063, 1.9973341029135063, 1.9973341029135063, 1.9973341029135063, 1.9973341029135063, 1.9973341029135063, 1.9973341029135063, 1.9973341029135063, 1.9973341029135063, 1.9973341029135063, 1.9973341029135063, 1.9973341029135063, 1.9973341029135063, 1.9973341029135063, 1.9973341029135063, 1.9973341029135063, 1.9973341029135063, 1.9973341029135063, 1.9973341029135063, 1.9973341029135063, 1.9973341029135063, 1.9973341029135063, 1.9973341029135063, 1.9973341029135063, 1.9973341029135063, 1.9973341029135063, 1.9973341029135063, 1.9973341029135063], [20.271654493837794, 20.271654493837794, 20.271654493837794, 20.271654493837794, 20.271654493837794, 20.271654493837794, 20.271654493837794, 20.271654493837794, 20.271654493837794, 20.271654493837794, 20.271654493837794, 20.271654493837794, 20.271654493837794, 20.271654493837794, 20.271654493837794, 20.271654493837794, 20.271654493837794, 20.271654493837794, 20.271654493837794, 20.271654493837794, 20.271654493837794, 20.271654493837794, 20.271654493837794, 20.271654493837794, 20.271654493837794, 20.271654493837794, 20.271654493837794, 20.271654493837794, 20.271654493837794, 20.271654493837794, 8.456592639309639, 22.347844023167493, 4.572871638000546, 20.8151167347432, 0.0, 7.3435312417445555, 5.8041739841888385, 8.946342030084812, 8.78759427409677, 11.009676909634356, 2.423800173284608, 6.597313102726176, 11.25264467747008, 13.831904270949257, 5.8041739841888385, 20.8151167347432, 2.423800173284608, 8.456592639309639, 0.0, 11.25264467747008, 20.271654493837794, 20.271654493837794, 20.271654493837794, 20.271654493837794, 20.271654493837794, 20.271654493837794, 20.271654493837794, 20.271654493837794, 20.271654493837794, 20.271654493837794, 20.271654493837794, 20.271654493837794, 20.271654493837794, 20.271654493837794, 20.271654493837794, 20.271654493837794, 20.271654493837794, 20.271654493837794, 20.271654493837794, 20.271654493837794, 20.271654493837794, 20.271654493837794, 20.271654493837794, 20.271654493837794, 20.271654493837794, 20.271654493837794, 20.271654493837794, 20.271654493837794, 20.271654493837794, 20.271654493837794], [13.197210492363567, 13.197210492363567, 13.197210492363567, 13.197210492363567, 13.197210492363567, 13.197210492363567, 13.197210492363567, 13.197210492363567, 13.197210492363567, 13.197210492363567, 13.197210492363567, 13.197210492363567, 13.197210492363567, 13.197210492363567, 13.197210492363567, 13.197210492363567, 13.197210492363567, 13.197210492363567, 13.197210492363567, 13.197210492363567, 13.197210492363567, 13.197210492363567, 13.197210492363567, 13.197210492363567, 13.197210492363567, 13.197210492363567, 13.197210492363567, 13.197210492363567, 13.197210492363567, 13.197210492363567, 3.276710708018422, 20.411478930347933, 10.803924556155653, 13.558623048543058, 7.3435312417445555, 0.0, 13.072350522258944, 15.01142222128477, 7.197171900090345, 15.510398749968349, 5.069685791322424, 6.504124816764877, 17.7112415957368, 13.43315657751322, 13.072350522258944, 13.558623048543058, 5.069685791322424, 3.276710708018422, 7.3435312417445555, 17.7112415957368, 13.197210492363567, 13.197210492363567, 13.197210492363567, 13.197210492363567, 13.197210492363567, 13.197210492363567, 13.197210492363567, 13.197210492363567, 13.197210492363567, 13.197210492363567, 13.197210492363567, 13.197210492363567, 13.197210492363567, 13.197210492363567, 13.197210492363567, 13.197210492363567, 13.197210492363567, 13.197210492363567, 13.197210492363567, 13.197210492363567, 13.197210492363567, 13.197210492363567, 13.197210492363567, 13.197210492363567, 13.197210492363567, 13.197210492363567, 13.197210492363567, 13.197210492363567, 13.197210492363567, 13.197210492363567], [26.075819276012208, 26.075819276012208, 26.075819276012208, 26.075819276012208, 26.075819276012208, 26.075819276012208, 26.075819276012208, 26.075819276012208, 26.075819276012208, 26.075819276012208, 26.075819276012208, 26.075819276012208, 26.075819276012208, 26.075819276012208, 26.075819276012208, 26.075819276012208, 26.075819276012208, 26.075819276012208, 26.075819276012208, 26.075819276012208, 26.075819276012208, 26.075819276012208, 26.075819276012208, 26.075819276012208, 26.075819276012208, 26.075819276012208, 26.075819276012208, 26.075819276012208, 26.075819276012208, 26.075819276012208, 13.627259107941686, 26.251798702532394, 3.657709357201913, 26.600264918443532, 5.8041739841888385, 13.072350522258944, 0.0, 7.690887549908855, 13.762053348800581, 11.375449010079537, 8.01013238065691, 11.544243143233787, 8.607275808645317, 17.5388983525887, 0.0, 26.600264918443532, 8.01013238065691, 13.627259107941686, 5.8041739841888385, 8.607275808645317, 26.075819276012208, 26.075819276012208, 26.075819276012208, 26.075819276012208, 26.075819276012208, 26.075819276012208, 26.075819276012208, 26.075819276012208, 26.075819276012208, 26.075819276012208, 26.075819276012208, 26.075819276012208, 26.075819276012208, 26.075819276012208, 26.075819276012208, 26.075819276012208, 26.075819276012208, 26.075819276012208, 26.075819276012208, 26.075819276012208, 26.075819276012208, 26.075819276012208, 26.075819276012208, 26.075819276012208, 26.075819276012208, 26.075819276012208, 26.075819276012208, 26.075819276012208, 26.075819276012208, 26.075819276012208], [26.095296966524586, 26.095296966524586, 26.095296966524586, 26.095296966524586, 26.095296966524586, 26.095296966524586, 26.095296966524586, 26.095296966524586, 26.095296966524586, 26.095296966524586, 26.095296966524586, 26.095296966524586, 26.095296966524586, 26.095296966524586, 26.095296966524586, 26.095296966524586, 26.095296966524586, 26.095296966524586, 26.095296966524586, 26.095296966524586, 26.095296966524586, 26.095296966524586, 26.095296966524586, 26.095296966524586, 26.095296966524586, 26.095296966524586, 26.095296966524586, 26.095296966524586, 26.095296966524586, 26.095296966524586, 17.042105877786618, 20.834688746874892, 10.55559411271658, 27.151151632162218, 8.946342030084812, 15.01142222128477, 7.690887549908855, 0.0, 11.635229823628759, 4.045483933087342, 11.124205372965902, 10.026987136679427, 2.8533015652856117, 12.558159109348852, 7.690887549908855, 27.151151632162218, 11.124205372965902, 17.042105877786618, 8.946342030084812, 2.8533015652856117, 26.095296966524586, 26.095296966524586, 26.095296966524586, 26.095296966524586, 26.095296966524586, 26.095296966524586, 26.095296966524586, 26.095296966524586, 26.095296966524586, 26.095296966524586, 26.095296966524586, 26.095296966524586, 26.095296966524586, 26.095296966524586, 26.095296966524586, 26.095296966524586, 26.095296966524586, 26.095296966524586, 26.095296966524586, 26.095296966524586, 26.095296966524586, 26.095296966524586, 26.095296966524586, 26.095296966524586, 26.095296966524586, 26.095296966524586, 26.095296966524586, 26.095296966524586, 26.095296966524586, 26.095296966524586], [14.614719375960169, 14.614719375960169, 14.614719375960169, 14.614719375960169, 14.614719375960169, 14.614719375960169, 14.614719375960169, 14.614719375960169, 14.614719375960169, 14.614719375960169, 14.614719375960169, 14.614719375960169, 14.614719375960169, 14.614719375960169, 14.614719375960169, 14.614719375960169, 14.614719375960169, 14.614719375960169, 14.614719375960169, 14.614719375960169, 14.614719375960169, 14.614719375960169, 14.614719375960169, 14.614719375960169, 14.614719375960169, 14.614719375960169, 14.614719375960169, 14.614719375960169, 14.614719375960169, 14.614719375960169, 10.454799041372338, 13.944438675061443, 13.360274992394734, 15.8612830544797, 8.78759427409677, 7.197171900090345, 13.762053348800581, 11.635229823628759, 0.0, 10.345040697000153, 8.22507176741747, 2.232366481158306, 14.470142075372141, 6.257751657449645, 13.762053348800581, 15.8612830544797, 8.22507176741747, 10.454799041372338, 8.78759427409677, 14.470142075372141, 14.614719375960169, 14.614719375960169, 14.614719375960169, 14.614719375960169, 14.614719375960169, 14.614719375960169, 14.614719375960169, 14.614719375960169, 14.614719375960169, 14.614719375960169, 14.614719375960169, 14.614719375960169, 14.614719375960169, 14.614719375960169, 14.614719375960169, 14.614719375960169, 14.614719375960169, 14.614719375960169, 14.614719375960169, 14.614719375960169, 14.614719375960169, 14.614719375960169, 14.614719375960169, 14.614719375960169, 14.614719375960169, 14.614719375960169, 14.614719375960169, 14.614719375960169, 14.614719375960169, 14.614719375960169], [24.906479973512198, 24.906479973512198, 24.906479973512198, 24.906479973512198, 24.906479973512198, 24.906479973512198, 24.906479973512198, 24.906479973512198, 24.906479973512198, 24.906479973512198, 24.906479973512198, 24.906479973512198, 24.906479973512198, 24.906479973512198, 24.906479973512198, 24.906479973512198, 24.906479973512198, 24.906479973512198, 24.906479973512198, 24.906479973512198, 24.906479973512198, 24.906479973512198, 24.906479973512198, 24.906479973512198, 24.906479973512198, 24.906479973512198, 24.906479973512198, 24.906479973512198, 24.906479973512198, 24.906479973512198, 18.10035288105305, 17.160690193337473, 13.736503765936328, 26.20348434855716, 11.009676909634356, 15.510398749968349, 11.375449010079537, 4.045483933087342, 10.345040697000153, 0.0, 12.71944759894452, 9.43217556722846, 5.728825057440069, 9.374161997117325, 11.375449010079537, 26.20348434855716, 12.71944759894452, 18.10035288105305, 11.009676909634356, 5.728825057440069, 24.906479973512198, 24.906479973512198, 24.906479973512198, 24.906479973512198, 24.906479973512198, 24.906479973512198, 24.906479973512198, 24.906479973512198, 24.906479973512198, 24.906479973512198, 24.906479973512198, 24.906479973512198, 24.906479973512198, 24.906479973512198, 24.906479973512198, 24.906479973512198, 24.906479973512198, 24.906479973512198, 24.906479973512198, 24.906479973512198, 24.906479973512198, 24.906479973512198, 24.906479973512198, 24.906479973512198, 24.906479973512198, 24.906479973512198, 24.906479973512198, 24.906479973512198, 24.906479973512198, 24.906479973512198], [18.193320797428573, 18.193320797428573, 18.193320797428573, 18.193320797428573, 18.193320797428573, 18.193320797428573, 18.193320797428573, 18.193320797428573, 18.193320797428573, 18.193320797428573, 18.193320797428573, 18.193320797428573, 18.193320797428573, 18.193320797428573, 18.193320797428573, 18.193320797428573, 18.193320797428573, 18.193320797428573, 18.193320797428573, 18.193320797428573, 18.193320797428573, 18.193320797428573, 18.193320797428573, 18.193320797428573, 18.193320797428573, 18.193320797428573, 18.193320797428573, 18.193320797428573, 18.193320797428573, 18.193320797428573, 6.050594074171441, 22.143654709800348, 5.920757115647736, 18.62301052068444, 2.423800173284608, 5.069685791322424, 8.01013238065691, 11.124205372965902, 8.22507176741747, 12.71944759894452, 0.0, 6.285765016137776, 13.559784994215311, 13.9624285480237, 8.01013238065691, 18.62301052068444, 0.0, 6.050594074171441, 2.423800173284608, 13.559784994215311, 18.193320797428573, 18.193320797428573, 18.193320797428573, 18.193320797428573, 18.193320797428573, 18.193320797428573, 18.193320797428573, 18.193320797428573, 18.193320797428573, 18.193320797428573, 18.193320797428573, 18.193320797428573, 18.193320797428573, 18.193320797428573, 18.193320797428573, 18.193320797428573, 18.193320797428573, 18.193320797428573, 18.193320797428573, 18.193320797428573, 18.193320797428573, 18.193320797428573, 18.193320797428573, 18.193320797428573, 18.193320797428573, 18.193320797428573, 18.193320797428573, 18.193320797428573, 18.193320797428573, 18.193320797428573], [16.07214061592944, 16.07214061592944, 16.07214061592944, 16.07214061592944, 16.07214061592944, 16.07214061592944, 16.07214061592944, 16.07214061592944, 16.07214061592944, 16.07214061592944, 16.07214061592944, 16.07214061592944, 16.07214061592944, 16.07214061592944, 16.07214061592944, 16.07214061592944, 16.07214061592944, 16.07214061592944, 16.07214061592944, 16.07214061592944, 16.07214061592944, 16.07214061592944, 16.07214061592944, 16.07214061592944, 16.07214061592944, 16.07214061592944, 16.07214061592944, 16.07214061592944, 16.07214061592944, 16.07214061592944, 9.569480703972712, 15.894184459578769, 11.163952772030797, 17.13818788904138, 6.597313102726176, 6.504124816764877, 11.544243143233787, 10.026987136679427, 2.232366481158306, 9.43217556722846, 6.285765016137776, 0.0, 12.87997803798308, 7.712910890941751, 11.544243143233787, 17.13818788904138, 6.285765016137776, 9.569480703972712, 6.597313102726176, 12.87997803798308, 16.07214061592944, 16.07214061592944, 16.07214061592944, 16.07214061592944, 16.07214061592944, 16.07214061592944, 16.07214061592944, 16.07214061592944, 16.07214061592944, 16.07214061592944, 16.07214061592944, 16.07214061592944, 16.07214061592944, 16.07214061592944, 16.07214061592944, 16.07214061592944, 16.07214061592944, 16.07214061592944, 16.07214061592944, 16.07214061592944, 16.07214061592944, 16.07214061592944, 16.07214061592944, 16.07214061592944, 16.07214061592944, 16.07214061592944, 16.07214061592944, 16.07214061592944, 16.07214061592944, 16.07214061592944], [28.948566796273433, 28.948566796273433, 28.948566796273433, 28.948566796273433, 28.948566796273433, 28.948566796273433, 28.948566796273433, 28.948566796273433, 28.948566796273433, 28.948566796273433, 28.948566796273433, 28.948566796273433, 28.948566796273433, 28.948566796273433, 28.948566796273433, 28.948566796273433, 28.948566796273433, 28.948566796273433, 28.948566796273433, 28.948566796273433, 28.948566796273433, 28.948566796273433, 28.948566796273433, 28.948566796273433, 28.948566796273433, 28.948566796273433, 28.948566796273433, 28.948566796273433, 28.948566796273433, 28.948566796273433, 19.569774128559207, 22.88947398686785, 11.978762480156218, 30.0, 11.25264467747008, 17.7112415957368, 8.607275808645317, 2.8533015652856117, 14.470142075372141, 5.728825057440069, 13.559784994215311, 12.87997803798308, 0.0, 14.93773941755141, 8.607275808645317, 30.0, 13.559784994215311, 19.569774128559207, 11.25264467747008, 0.0, 28.948566796273433, 28.948566796273433, 28.948566796273433, 28.948566796273433, 28.948566796273433, 28.948566796273433, 28.948566796273433, 28.948566796273433, 28.948566796273433, 28.948566796273433, 28.948566796273433, 28.948566796273433, 28.948566796273433, 28.948566796273433, 28.948566796273433, 28.948566796273433, 28.948566796273433, 28.948566796273433, 28.948566796273433, 28.948566796273433, 28.948566796273433, 28.948566796273433, 28.948566796273433, 28.948566796273433, 28.948566796273433, 28.948566796273433, 28.948566796273433, 28.948566796273433, 28.948566796273433, 28.948566796273433], [17.68592531555722, 17.68592531555722, 17.68592531555722, 17.68592531555722, 17.68592531555722, 17.68592531555722, 17.68592531555722, 17.68592531555722, 17.68592531555722, 17.68592531555722, 17.68592531555722, 17.68592531555722, 17.68592531555722, 17.68592531555722, 17.68592531555722, 17.68592531555722, 17.68592531555722, 17.68592531555722, 17.68592531555722, 17.68592531555722, 17.68592531555722, 17.68592531555722, 17.68592531555722, 17.68592531555722, 17.68592531555722, 17.68592531555722, 17.68592531555722, 17.68592531555722, 17.68592531555722, 17.68592531555722, 16.70202253726546, 8.71360451119051, 18.19669093613085, 19.35861305311511, 13.831904270949257, 13.43315657751322, 17.5388983525887, 12.558159109348852, 6.257751657449645, 9.374161997117325, 13.9624285480237, 7.712910890941751, 14.93773941755141, 0.0, 17.5388983525887, 19.35861305311511, 13.9624285480237, 16.70202253726546, 13.831904270949257, 14.93773941755141, 17.68592531555722, 17.68592531555722, 17.68592531555722, 17.68592531555722, 17.68592531555722, 17.68592531555722, 17.68592531555722, 17.68592531555722, 17.68592531555722, 17.68592531555722, 17.68592531555722, 17.68592531555722, 17.68592531555722, 17.68592531555722, 17.68592531555722, 17.68592531555722, 17.68592531555722, 17.68592531555722, 17.68592531555722, 17.68592531555722, 17.68592531555722, 17.68592531555722, 17.68592531555722, 17.68592531555722, 17.68592531555722, 17.68592531555722, 17.68592531555722, 17.68592531555722, 17.68592531555722, 17.68592531555722], [26.075819276012208, 26.075819276012208, 26.075819276012208, 26.075819276012208, 26.075819276012208, 26.075819276012208, 26.075819276012208, 26.075819276012208, 26.075819276012208, 26.075819276012208, 26.075819276012208, 26.075819276012208, 26.075819276012208, 26.075819276012208, 26.075819276012208, 26.075819276012208, 26.075819276012208, 26.075819276012208, 26.075819276012208, 26.075819276012208, 26.075819276012208, 26.075819276012208, 26.075819276012208, 26.075819276012208, 26.075819276012208, 26.075819276012208, 26.075819276012208, 26.075819276012208, 26.075819276012208, 26.075819276012208, 13.627259107941686, 26.251798702532394, 3.657709357201913, 26.600264918443532, 5.8041739841888385, 13.072350522258944, 0.0, 7.690887549908855, 13.762053348800581, 11.375449010079537, 8.01013238065691, 11.544243143233787, 8.607275808645317, 17.5388983525887, 0.0, 26.600264918443532, 8.01013238065691, 13.627259107941686, 5.8041739841888385, 8.607275808645317, 26.075819276012208, 26.075819276012208, 26.075819276012208, 26.075819276012208, 26.075819276012208, 26.075819276012208, 26.075819276012208, 26.075819276012208, 26.075819276012208, 26.075819276012208, 26.075819276012208, 26.075819276012208, 26.075819276012208, 26.075819276012208, 26.075819276012208, 26.075819276012208, 26.075819276012208, 26.075819276012208, 26.075819276012208, 26.075819276012208, 26.075819276012208, 26.075819276012208, 26.075819276012208, 26.075819276012208, 26.075819276012208, 26.075819276012208, 26.075819276012208, 26.075819276012208, 26.075819276012208, 26.075819276012208], [1.9973341029135063, 1.9973341029135063, 1.9973341029135063, 1.9973341029135063, 1.9973341029135063, 1.9973341029135063, 1.9973341029135063, 1.9973341029135063, 1.9973341029135063, 1.9973341029135063, 1.9973341029135063, 1.9973341029135063, 1.9973341029135063, 1.9973341029135063, 1.9973341029135063, 1.9973341029135063, 1.9973341029135063, 1.9973341029135063, 1.9973341029135063, 1.9973341029135063, 1.9973341029135063, 1.9973341029135063, 1.9973341029135063, 1.9973341029135063, 1.9973341029135063, 1.9973341029135063, 1.9973341029135063, 1.9973341029135063, 1.9973341029135063, 1.9973341029135063, 14.102324772590809, 21.05719529107083, 24.298527337922046, 0.0, 20.8151167347432, 13.558623048543058, 26.600264918443532, 27.151151632162218, 15.8612830544797, 26.20348434855716, 18.62301052068444, 17.13818788904138, 30.0, 19.35861305311511, 26.600264918443532, 0.0, 18.62301052068444, 14.102324772590809, 20.8151167347432, 30.0, 1.9973341029135063, 1.9973341029135063, 1.9973341029135063, 1.9973341029135063, 1.9973341029135063, 1.9973341029135063, 1.9973341029135063, 1.9973341029135063, 1.9973341029135063, 1.9973341029135063, 1.9973341029135063, 1.9973341029135063, 1.9973341029135063, 1.9973341029135063, 1.9973341029135063, 1.9973341029135063, 1.9973341029135063, 1.9973341029135063, 1.9973341029135063, 1.9973341029135063, 1.9973341029135063, 1.9973341029135063, 1.9973341029135063, 1.9973341029135063, 1.9973341029135063, 1.9973341029135063, 1.9973341029135063, 1.9973341029135063, 1.9973341029135063, 1.9973341029135063], [18.193320797428573, 18.193320797428573, 18.193320797428573, 18.193320797428573, 18.193320797428573, 18.193320797428573, 18.193320797428573, 18.193320797428573, 18.193320797428573, 18.193320797428573, 18.193320797428573, 18.193320797428573, 18.193320797428573, 18.193320797428573, 18.193320797428573, 18.193320797428573, 18.193320797428573, 18.193320797428573, 18.193320797428573, 18.193320797428573, 18.193320797428573, 18.193320797428573, 18.193320797428573, 18.193320797428573, 18.193320797428573, 18.193320797428573, 18.193320797428573, 18.193320797428573, 18.193320797428573, 18.193320797428573, 6.050594074171441, 22.143654709800348, 5.920757115647736, 18.62301052068444, 2.423800173284608, 5.069685791322424, 8.01013238065691, 11.124205372965902, 8.22507176741747, 12.71944759894452, 0.0, 6.285765016137776, 13.559784994215311, 13.9624285480237, 8.01013238065691, 18.62301052068444, 0.0, 6.050594074171441, 2.423800173284608, 13.559784994215311, 18.193320797428573, 18.193320797428573, 18.193320797428573, 18.193320797428573, 18.193320797428573, 18.193320797428573, 18.193320797428573, 18.193320797428573, 18.193320797428573, 18.193320797428573, 18.193320797428573, 18.193320797428573, 18.193320797428573, 18.193320797428573, 18.193320797428573, 18.193320797428573, 18.193320797428573, 18.193320797428573, 18.193320797428573, 18.193320797428573, 18.193320797428573, 18.193320797428573, 18.193320797428573, 18.193320797428573, 18.193320797428573, 18.193320797428573, 18.193320797428573, 18.193320797428573, 18.193320797428573, 18.193320797428573], [14.20201614509177, 14.20201614509177, 14.20201614509177, 14.20201614509177, 14.20201614509177, 14.20201614509177, 14.20201614509177, 14.20201614509177, 14.20201614509177, 14.20201614509177, 14.20201614509177, 14.20201614509177, 14.20201614509177, 14.20201614509177, 14.20201614509177, 14.20201614509177, 14.20201614509177, 14.20201614509177, 14.20201614509177, 14.20201614509177, 14.20201614509177, 14.20201614509177, 14.20201614509177, 14.20201614509177, 14.20201614509177, 14.20201614509177, 14.20201614509177, 14.20201614509177, 14.20201614509177, 14.20201614509177, 0.0, 23.60761739504959, 10.666960422137205, 14.102324772590809, 8.456592639309639, 3.276710708018422, 13.627259107941686, 17.042105877786618, 10.454799041372338, 18.10035288105305, 6.050594074171441, 9.569480703972712, 19.569774128559207, 16.70202253726546, 13.627259107941686, 14.102324772590809, 6.050594074171441, 0.0, 8.456592639309639, 19.569774128559207, 14.20201614509177, 14.20201614509177, 14.20201614509177, 14.20201614509177, 14.20201614509177, 14.20201614509177, 14.20201614509177, 14.20201614509177, 14.20201614509177, 14.20201614509177, 14.20201614509177, 14.20201614509177, 14.20201614509177, 14.20201614509177, 14.20201614509177, 14.20201614509177, 14.20201614509177, 14.20201614509177, 14.20201614509177, 14.20201614509177, 14.20201614509177, 14.20201614509177, 14.20201614509177, 14.20201614509177, 14.20201614509177, 14.20201614509177, 14.20201614509177, 14.20201614509177, 14.20201614509177, 14.20201614509177], [20.271654493837794, 20.271654493837794, 20.271654493837794, 20.271654493837794, 20.271654493837794, 20.271654493837794, 20.271654493837794, 20.271654493837794, 20.271654493837794, 20.271654493837794, 20.271654493837794, 20.271654493837794, 20.271654493837794, 20.271654493837794, 20.271654493837794, 20.271654493837794, 20.271654493837794, 20.271654493837794, 20.271654493837794, 20.271654493837794, 20.271654493837794, 20.271654493837794, 20.271654493837794, 20.271654493837794, 20.271654493837794, 20.271654493837794, 20.271654493837794, 20.271654493837794, 20.271654493837794, 20.271654493837794, 8.456592639309639, 22.347844023167493, 4.572871638000546, 20.8151167347432, 0.0, 7.3435312417445555, 5.8041739841888385, 8.946342030084812, 8.78759427409677, 11.009676909634356, 2.423800173284608, 6.597313102726176, 11.25264467747008, 13.831904270949257, 5.8041739841888385, 20.8151167347432, 2.423800173284608, 8.456592639309639, 0.0, 11.25264467747008, 20.271654493837794, 20.271654493837794, 20.271654493837794, 20.271654493837794, 20.271654493837794, 20.271654493837794, 20.271654493837794, 20.271654493837794, 20.271654493837794, 20.271654493837794, 20.271654493837794, 20.271654493837794, 20.271654493837794, 20.271654493837794, 20.271654493837794, 20.271654493837794, 20.271654493837794, 20.271654493837794, 20.271654493837794, 20.271654493837794, 20.271654493837794, 20.271654493837794, 20.271654493837794, 20.271654493837794, 20.271654493837794, 20.271654493837794, 20.271654493837794, 20.271654493837794, 20.271654493837794, 20.271654493837794], [28.948566796273433, 28.948566796273433, 28.948566796273433, 28.948566796273433, 28.948566796273433, 28.948566796273433, 28.948566796273433, 28.948566796273433, 28.948566796273433, 28.948566796273433, 28.948566796273433, 28.948566796273433, 28.948566796273433, 28.948566796273433, 28.948566796273433, 28.948566796273433, 28.948566796273433, 28.948566796273433, 28.948566796273433, 28.948566796273433, 28.948566796273433, 28.948566796273433, 28.948566796273433, 28.948566796273433, 28.948566796273433, 28.948566796273433, 28.948566796273433, 28.948566796273433, 28.948566796273433, 28.948566796273433, 19.569774128559207, 22.88947398686785, 11.978762480156218, 30.0, 11.25264467747008, 17.7112415957368, 8.607275808645317, 2.8533015652856117, 14.470142075372141, 5.728825057440069, 13.559784994215311, 12.87997803798308, 0.0, 14.93773941755141, 8.607275808645317, 30.0, 13.559784994215311, 19.569774128559207, 11.25264467747008, 0.0, 28.948566796273433, 28.948566796273433, 28.948566796273433, 28.948566796273433, 28.948566796273433, 28.948566796273433, 28.948566796273433, 28.948566796273433, 28.948566796273433, 28.948566796273433, 28.948566796273433, 28.948566796273433, 28.948566796273433, 28.948566796273433, 28.948566796273433, 28.948566796273433, 28.948566796273433, 28.948566796273433, 28.948566796273433, 28.948566796273433, 28.948566796273433, 28.948566796273433, 28.948566796273433, 28.948566796273433, 28.948566796273433, 28.948566796273433, 28.948566796273433, 28.948566796273433, 28.948566796273433, 28.948566796273433], [0.0, 0.0, 0.0, 0.0, 0.0, 0.0, 0.0, 0.0, 0.0, 0.0, 0.0, 0.0, 0.0, 0.0, 0.0, 0.0, 0.0, 0.0, 0.0, 0.0, 0.0, 0.0, 0.0, 0.0, 0.0, 0.0, 0.0, 0.0, 0.0, 0.0, 14.20201614509177, 19.076475818355146, 24.001131951968226, 1.9973341029135063, 20.271654493837794, 13.197210492363567, 26.075819276012208, 26.095296966524586, 14.614719375960169, 24.906479973512198, 18.193320797428573, 16.07214061592944, 28.948566796273433, 17.68592531555722, 26.075819276012208, 1.9973341029135063, 18.193320797428573, 14.20201614509177, 20.271654493837794, 28.948566796273433, 0.0, 0.0, 0.0, 0.0, 0.0, 0.0, 0.0, 0.0, 0.0, 0.0, 0.0, 0.0, 0.0, 0.0, 0.0, 0.0, 0.0, 0.0, 0.0, 0.0, 0.0, 0.0, 0.0, 0.0, 0.0, 0.0, 0.0, 0.0, 0.0, 0.0], [0.0, 0.0, 0.0, 0.0, 0.0, 0.0, 0.0, 0.0, 0.0, 0.0, 0.0, 0.0, 0.0, 0.0, 0.0, 0.0, 0.0, 0.0, 0.0, 0.0, 0.0, 0.0, 0.0, 0.0, 0.0, 0.0, 0.0, 0.0, 0.0, 0.0, 14.20201614509177, 19.076475818355146, 24.001131951968226, 1.9973341029135063, 20.271654493837794, 13.197210492363567, 26.075819276012208, 26.095296966524586, 14.614719375960169, 24.906479973512198, 18.193320797428573, 16.07214061592944, 28.948566796273433, 17.68592531555722, 26.075819276012208, 1.9973341029135063, 18.193320797428573, 14.20201614509177, 20.271654493837794, 28.948566796273433, 0.0, 0.0, 0.0, 0.0, 0.0, 0.0, 0.0, 0.0, 0.0, 0.0, 0.0, 0.0, 0.0, 0.0, 0.0, 0.0, 0.0, 0.0, 0.0, 0.0, 0.0, 0.0, 0.0, 0.0, 0.0, 0.0, 0.0, 0.0, 0.0, 0.0], [0.0, 0.0, 0.0, 0.0, 0.0, 0.0, 0.0, 0.0, 0.0, 0.0, 0.0, 0.0, 0.0, 0.0, 0.0, 0.0, 0.0, 0.0, 0.0, 0.0, 0.0, 0.0, 0.0, 0.0, 0.0, 0.0, 0.0, 0.0, 0.0, 0.0, 14.20201614509177, 19.076475818355146, 24.001131951968226, 1.9973341029135063, 20.271654493837794, 13.197210492363567, 26.075819276012208, 26.095296966524586, 14.614719375960169, 24.906479973512198, 18.193320797428573, 16.07214061592944, 28.948566796273433, 17.68592531555722, 26.075819276012208, 1.9973341029135063, 18.193320797428573, 14.20201614509177, 20.271654493837794, 28.948566796273433, 0.0, 0.0, 0.0, 0.0, 0.0, 0.0, 0.0, 0.0, 0.0, 0.0, 0.0, 0.0, 0.0, 0.0, 0.0, 0.0, 0.0, 0.0, 0.0, 0.0, 0.0, 0.0, 0.0, 0.0, 0.0, 0.0, 0.0, 0.0, 0.0, 0.0], [0.0, 0.0, 0.0, 0.0, 0.0, 0.0, 0.0, 0.0, 0.0, 0.0, 0.0, 0.0, 0.0, 0.0, 0.0, 0.0, 0.0, 0.0, 0.0, 0.0, 0.0, 0.0, 0.0, 0.0, 0.0, 0.0, 0.0, 0.0, 0.0, 0.0, 14.20201614509177, 19.076475818355146, 24.001131951968226, 1.9973341029135063, 20.271654493837794, 13.197210492363567, 26.075819276012208, 26.095296966524586, 14.614719375960169, 24.906479973512198, 18.193320797428573, 16.07214061592944, 28.948566796273433, 17.68592531555722, 26.075819276012208, 1.9973341029135063, 18.193320797428573, 14.20201614509177, 20.271654493837794, 28.948566796273433, 0.0, 0.0, 0.0, 0.0, 0.0, 0.0, 0.0, 0.0, 0.0, 0.0, 0.0, 0.0, 0.0, 0.0, 0.0, 0.0, 0.0, 0.0, 0.0, 0.0, 0.0, 0.0, 0.0, 0.0, 0.0, 0.0, 0.0, 0.0, 0.0, 0.0], [0.0, 0.0, 0.0, 0.0, 0.0, 0.0, 0.0, 0.0, 0.0, 0.0, 0.0, 0.0, 0.0, 0.0, 0.0, 0.0, 0.0, 0.0, 0.0, 0.0, 0.0, 0.0, 0.0, 0.0, 0.0, 0.0, 0.0, 0.0, 0.0, 0.0, 14.20201614509177, 19.076475818355146, 24.001131951968226, 1.9973341029135063, 20.271654493837794, 13.197210492363567, 26.075819276012208, 26.095296966524586, 14.614719375960169, 24.906479973512198, 18.193320797428573, 16.07214061592944, 28.948566796273433, 17.68592531555722, 26.075819276012208, 1.9973341029135063, 18.193320797428573, 14.20201614509177, 20.271654493837794, 28.948566796273433, 0.0, 0.0, 0.0, 0.0, 0.0, 0.0, 0.0, 0.0, 0.0, 0.0, 0.0, 0.0, 0.0, 0.0, 0.0, 0.0, 0.0, 0.0, 0.0, 0.0, 0.0, 0.0, 0.0, 0.0, 0.0, 0.0, 0.0, 0.0, 0.0, 0.0], [0.0, 0.0, 0.0, 0.0, 0.0, 0.0, 0.0, 0.0, 0.0, 0.0, 0.0, 0.0, 0.0, 0.0, 0.0, 0.0, 0.0, 0.0, 0.0, 0.0, 0.0, 0.0, 0.0, 0.0, 0.0, 0.0, 0.0, 0.0, 0.0, 0.0, 14.20201614509177, 19.076475818355146, 24.001131951968226, 1.9973341029135063, 20.271654493837794, 13.197210492363567, 26.075819276012208, 26.095296966524586, 14.614719375960169, 24.906479973512198, 18.193320797428573, 16.07214061592944, 28.948566796273433, 17.68592531555722, 26.075819276012208, 1.9973341029135063, 18.193320797428573, 14.20201614509177, 20.271654493837794, 28.948566796273433, 0.0, 0.0, 0.0, 0.0, 0.0, 0.0, 0.0, 0.0, 0.0, 0.0, 0.0, 0.0, 0.0, 0.0, 0.0, 0.0, 0.0, 0.0, 0.0, 0.0, 0.0, 0.0, 0.0, 0.0, 0.0, 0.0, 0.0, 0.0, 0.0, 0.0], [0.0, 0.0, 0.0, 0.0, 0.0, 0.0, 0.0, 0.0, 0.0, 0.0, 0.0, 0.0, 0.0, 0.0, 0.0, 0.0, 0.0, 0.0, 0.0, 0.0, 0.0, 0.0, 0.0, 0.0, 0.0, 0.0, 0.0, 0.0, 0.0, 0.0, 14.20201614509177, 19.076475818355146, 24.001131951968226, 1.9973341029135063, 20.271654493837794, 13.197210492363567, 26.075819276012208, 26.095296966524586, 14.614719375960169, 24.906479973512198, 18.193320797428573, 16.07214061592944, 28.948566796273433, 17.68592531555722, 26.075819276012208, 1.9973341029135063, 18.193320797428573, 14.20201614509177, 20.271654493837794, 28.948566796273433, 0.0, 0.0, 0.0, 0.0, 0.0, 0.0, 0.0, 0.0, 0.0, 0.0, 0.0, 0.0, 0.0, 0.0, 0.0, 0.0, 0.0, 0.0, 0.0, 0.0, 0.0, 0.0, 0.0, 0.0, 0.0, 0.0, 0.0, 0.0, 0.0, 0.0], [0.0, 0.0, 0.0, 0.0, 0.0, 0.0, 0.0, 0.0, 0.0, 0.0, 0.0, 0.0, 0.0, 0.0, 0.0, 0.0, 0.0, 0.0, 0.0, 0.0, 0.0, 0.0, 0.0, 0.0, 0.0, 0.0, 0.0, 0.0, 0.0, 0.0, 14.20201614509177, 19.076475818355146, 24.001131951968226, 1.9973341029135063, 20.271654493837794, 13.197210492363567, 26.075819276012208, 26.095296966524586, 14.614719375960169, 24.906479973512198, 18.193320797428573, 16.07214061592944, 28.948566796273433, 17.68592531555722, 26.075819276012208, 1.9973341029135063, 18.193320797428573, 14.20201614509177, 20.271654493837794, 28.948566796273433, 0.0, 0.0, 0.0, 0.0, 0.0, 0.0, 0.0, 0.0, 0.0, 0.0, 0.0, 0.0, 0.0, 0.0, 0.0, 0.0, 0.0, 0.0, 0.0, 0.0, 0.0, 0.0, 0.0, 0.0, 0.0, 0.0, 0.0, 0.0, 0.0, 0.0], [0.0, 0.0, 0.0, 0.0, 0.0, 0.0, 0.0, 0.0, 0.0, 0.0, 0.0, 0.0, 0.0, 0.0, 0.0, 0.0, 0.0, 0.0, 0.0, 0.0, 0.0, 0.0, 0.0, 0.0, 0.0, 0.0, 0.0, 0.0, 0.0, 0.0, 14.20201614509177, 19.076475818355146, 24.001131951968226, 1.9973341029135063, 20.271654493837794, 13.197210492363567, 26.075819276012208, 26.095296966524586, 14.614719375960169, 24.906479973512198, 18.193320797428573, 16.07214061592944, 28.948566796273433, 17.68592531555722, 26.075819276012208, 1.9973341029135063, 18.193320797428573, 14.20201614509177, 20.271654493837794, 28.948566796273433, 0.0, 0.0, 0.0, 0.0, 0.0, 0.0, 0.0, 0.0, 0.0, 0.0, 0.0, 0.0, 0.0, 0.0, 0.0, 0.0, 0.0, 0.0, 0.0, 0.0, 0.0, 0.0, 0.0, 0.0, 0.0, 0.0, 0.0, 0.0, 0.0, 0.0], [0.0, 0.0, 0.0, 0.0, 0.0, 0.0, 0.0, 0.0, 0.0, 0.0, 0.0, 0.0, 0.0, 0.0, 0.0, 0.0, 0.0, 0.0, 0.0, 0.0, 0.0, 0.0, 0.0, 0.0, 0.0, 0.0, 0.0, 0.0, 0.0, 0.0, 14.20201614509177, 19.076475818355146, 24.001131951968226, 1.9973341029135063, 20.271654493837794, 13.197210492363567, 26.075819276012208, 26.095296966524586, 14.614719375960169, 24.906479973512198, 18.193320797428573, 16.07214061592944, 28.948566796273433, 17.68592531555722, 26.075819276012208, 1.9973341029135063, 18.193320797428573, 14.20201614509177, 20.271654493837794, 28.948566796273433, 0.0, 0.0, 0.0, 0.0, 0.0, 0.0, 0.0, 0.0, 0.0, 0.0, 0.0, 0.0, 0.0, 0.0, 0.0, 0.0, 0.0, 0.0, 0.0, 0.0, 0.0, 0.0, 0.0, 0.0, 0.0, 0.0, 0.0, 0.0, 0.0, 0.0], [0.0, 0.0, 0.0, 0.0, 0.0, 0.0, 0.0, 0.0, 0.0, 0.0, 0.0, 0.0, 0.0, 0.0, 0.0, 0.0, 0.0, 0.0, 0.0, 0.0, 0.0, 0.0, 0.0, 0.0, 0.0, 0.0, 0.0, 0.0, 0.0, 0.0, 14.20201614509177, 19.076475818355146, 24.001131951968226, 1.9973341029135063, 20.271654493837794, 13.197210492363567, 26.075819276012208, 26.095296966524586, 14.614719375960169, 24.906479973512198, 18.193320797428573, 16.07214061592944, 28.948566796273433, 17.68592531555722, 26.075819276012208, 1.9973341029135063, 18.193320797428573, 14.20201614509177, 20.271654493837794, 28.948566796273433, 0.0, 0.0, 0.0, 0.0, 0.0, 0.0, 0.0, 0.0, 0.0, 0.0, 0.0, 0.0, 0.0, 0.0, 0.0, 0.0, 0.0, 0.0, 0.0, 0.0, 0.0, 0.0, 0.0, 0.0, 0.0, 0.0, 0.0, 0.0, 0.0, 0.0], [0.0, 0.0, 0.0, 0.0, 0.0, 0.0, 0.0, 0.0, 0.0, 0.0, 0.0, 0.0, 0.0, 0.0, 0.0, 0.0, 0.0, 0.0, 0.0, 0.0, 0.0, 0.0, 0.0, 0.0, 0.0, 0.0, 0.0, 0.0, 0.0, 0.0, 14.20201614509177, 19.076475818355146, 24.001131951968226, 1.9973341029135063, 20.271654493837794, 13.197210492363567, 26.075819276012208, 26.095296966524586, 14.614719375960169, 24.906479973512198, 18.193320797428573, 16.07214061592944, 28.948566796273433, 17.68592531555722, 26.075819276012208, 1.9973341029135063, 18.193320797428573, 14.20201614509177, 20.271654493837794, 28.948566796273433, 0.0, 0.0, 0.0, 0.0, 0.0, 0.0, 0.0, 0.0, 0.0, 0.0, 0.0, 0.0, 0.0, 0.0, 0.0, 0.0, 0.0, 0.0, 0.0, 0.0, 0.0, 0.0, 0.0, 0.0, 0.0, 0.0, 0.0, 0.0, 0.0, 0.0], [0.0, 0.0, 0.0, 0.0, 0.0, 0.0, 0.0, 0.0, 0.0, 0.0, 0.0, 0.0, 0.0, 0.0, 0.0, 0.0, 0.0, 0.0, 0.0, 0.0, 0.0, 0.0, 0.0, 0.0, 0.0, 0.0, 0.0, 0.0, 0.0, 0.0, 14.20201614509177, 19.076475818355146, 24.001131951968226, 1.9973341029135063, 20.271654493837794, 13.197210492363567, 26.075819276012208, 26.095296966524586, 14.614719375960169, 24.906479973512198, 18.193320797428573, 16.07214061592944, 28.948566796273433, 17.68592531555722, 26.075819276012208, 1.9973341029135063, 18.193320797428573, 14.20201614509177, 20.271654493837794, 28.948566796273433, 0.0, 0.0, 0.0, 0.0, 0.0, 0.0, 0.0, 0.0, 0.0, 0.0, 0.0, 0.0, 0.0, 0.0, 0.0, 0.0, 0.0, 0.0, 0.0, 0.0, 0.0, 0.0, 0.0, 0.0, 0.0, 0.0, 0.0, 0.0, 0.0, 0.0], [0.0, 0.0, 0.0, 0.0, 0.0, 0.0, 0.0, 0.0, 0.0, 0.0, 0.0, 0.0, 0.0, 0.0, 0.0, 0.0, 0.0, 0.0, 0.0, 0.0, 0.0, 0.0, 0.0, 0.0, 0.0, 0.0, 0.0, 0.0, 0.0, 0.0, 14.20201614509177, 19.076475818355146, 24.001131951968226, 1.9973341029135063, 20.271654493837794, 13.197210492363567, 26.075819276012208, 26.095296966524586, 14.614719375960169, 24.906479973512198, 18.193320797428573, 16.07214061592944, 28.948566796273433, 17.68592531555722, 26.075819276012208, 1.9973341029135063, 18.193320797428573, 14.20201614509177, 20.271654493837794, 28.948566796273433, 0.0, 0.0, 0.0, 0.0, 0.0, 0.0, 0.0, 0.0, 0.0, 0.0, 0.0, 0.0, 0.0, 0.0, 0.0, 0.0, 0.0, 0.0, 0.0, 0.0, 0.0, 0.0, 0.0, 0.0, 0.0, 0.0, 0.0, 0.0, 0.0, 0.0], [0.0, 0.0, 0.0, 0.0, 0.0, 0.0, 0.0, 0.0, 0.0, 0.0, 0.0, 0.0, 0.0, 0.0, 0.0, 0.0, 0.0, 0.0, 0.0, 0.0, 0.0, 0.0, 0.0, 0.0, 0.0, 0.0, 0.0, 0.0, 0.0, 0.0, 14.20201614509177, 19.076475818355146, 24.001131951968226, 1.9973341029135063, 20.271654493837794, 13.197210492363567, 26.075819276012208, 26.095296966524586, 14.614719375960169, 24.906479973512198, 18.193320797428573, 16.07214061592944, 28.948566796273433, 17.68592531555722, 26.075819276012208, 1.9973341029135063, 18.193320797428573, 14.20201614509177, 20.271654493837794, 28.948566796273433, 0.0, 0.0, 0.0, 0.0, 0.0, 0.0, 0.0, 0.0, 0.0, 0.0, 0.0, 0.0, 0.0, 0.0, 0.0, 0.0, 0.0, 0.0, 0.0, 0.0, 0.0, 0.0, 0.0, 0.0, 0.0, 0.0, 0.0, 0.0, 0.0, 0.0], [0.0, 0.0, 0.0, 0.0, 0.0, 0.0, 0.0, 0.0, 0.0, 0.0, 0.0, 0.0, 0.0, 0.0, 0.0, 0.0, 0.0, 0.0, 0.0, 0.0, 0.0, 0.0, 0.0, 0.0, 0.0, 0.0, 0.0, 0.0, 0.0, 0.0, 14.20201614509177, 19.076475818355146, 24.001131951968226, 1.9973341029135063, 20.271654493837794, 13.197210492363567, 26.075819276012208, 26.095296966524586, 14.614719375960169, 24.906479973512198, 18.193320797428573, 16.07214061592944, 28.948566796273433, 17.68592531555722, 26.075819276012208, 1.9973341029135063, 18.193320797428573, 14.20201614509177, 20.271654493837794, 28.948566796273433, 0.0, 0.0, 0.0, 0.0, 0.0, 0.0, 0.0, 0.0, 0.0, 0.0, 0.0, 0.0, 0.0, 0.0, 0.0, 0.0, 0.0, 0.0, 0.0, 0.0, 0.0, 0.0, 0.0, 0.0, 0.0, 0.0, 0.0, 0.0, 0.0, 0.0], [0.0, 0.0, 0.0, 0.0, 0.0, 0.0, 0.0, 0.0, 0.0, 0.0, 0.0, 0.0, 0.0, 0.0, 0.0, 0.0, 0.0, 0.0, 0.0, 0.0, 0.0, 0.0, 0.0, 0.0, 0.0, 0.0, 0.0, 0.0, 0.0, 0.0, 14.20201614509177, 19.076475818355146, 24.001131951968226, 1.9973341029135063, 20.271654493837794, 13.197210492363567, 26.075819276012208, 26.095296966524586, 14.614719375960169, 24.906479973512198, 18.193320797428573, 16.07214061592944, 28.948566796273433, 17.68592531555722, 26.075819276012208, 1.9973341029135063, 18.193320797428573, 14.20201614509177, 20.271654493837794, 28.948566796273433, 0.0, 0.0, 0.0, 0.0, 0.0, 0.0, 0.0, 0.0, 0.0, 0.0, 0.0, 0.0, 0.0, 0.0, 0.0, 0.0, 0.0, 0.0, 0.0, 0.0, 0.0, 0.0, 0.0, 0.0, 0.0, 0.0, 0.0, 0.0, 0.0, 0.0], [0.0, 0.0, 0.0, 0.0, 0.0, 0.0, 0.0, 0.0, 0.0, 0.0, 0.0, 0.0, 0.0, 0.0, 0.0, 0.0, 0.0, 0.0, 0.0, 0.0, 0.0, 0.0, 0.0, 0.0, 0.0, 0.0, 0.0, 0.0, 0.0, 0.0, 14.20201614509177, 19.076475818355146, 24.001131951968226, 1.9973341029135063, 20.271654493837794, 13.197210492363567, 26.075819276012208, 26.095296966524586, 14.614719375960169, 24.906479973512198, 18.193320797428573, 16.07214061592944, 28.948566796273433, 17.68592531555722, 26.075819276012208, 1.9973341029135063, 18.193320797428573, 14.20201614509177, 20.271654493837794, 28.948566796273433, 0.0, 0.0, 0.0, 0.0, 0.0, 0.0, 0.0, 0.0, 0.0, 0.0, 0.0, 0.0, 0.0, 0.0, 0.0, 0.0, 0.0, 0.0, 0.0, 0.0, 0.0, 0.0, 0.0, 0.0, 0.0, 0.0, 0.0, 0.0, 0.0, 0.0], [0.0, 0.0, 0.0, 0.0, 0.0, 0.0, 0.0, 0.0, 0.0, 0.0, 0.0, 0.0, 0.0, 0.0, 0.0, 0.0, 0.0, 0.0, 0.0, 0.0, 0.0, 0.0, 0.0, 0.0, 0.0, 0.0, 0.0, 0.0, 0.0, 0.0, 14.20201614509177, 19.076475818355146, 24.001131951968226, 1.9973341029135063, 20.271654493837794, 13.197210492363567, 26.075819276012208, 26.095296966524586, 14.614719375960169, 24.906479973512198, 18.193320797428573, 16.07214061592944, 28.948566796273433, 17.68592531555722, 26.075819276012208, 1.9973341029135063, 18.193320797428573, 14.20201614509177, 20.271654493837794, 28.948566796273433, 0.0, 0.0, 0.0, 0.0, 0.0, 0.0, 0.0, 0.0, 0.0, 0.0, 0.0, 0.0, 0.0, 0.0, 0.0, 0.0, 0.0, 0.0, 0.0, 0.0, 0.0, 0.0, 0.0, 0.0, 0.0, 0.0, 0.0, 0.0, 0.0, 0.0], [0.0, 0.0, 0.0, 0.0, 0.0, 0.0, 0.0, 0.0, 0.0, 0.0, 0.0, 0.0, 0.0, 0.0, 0.0, 0.0, 0.0, 0.0, 0.0, 0.0, 0.0, 0.0, 0.0, 0.0, 0.0, 0.0, 0.0, 0.0, 0.0, 0.0, 14.20201614509177, 19.076475818355146, 24.001131951968226, 1.9973341029135063, 20.271654493837794, 13.197210492363567, 26.075819276012208, 26.095296966524586, 14.614719375960169, 24.906479973512198, 18.193320797428573, 16.07214061592944, 28.948566796273433, 17.68592531555722, 26.075819276012208, 1.9973341029135063, 18.193320797428573, 14.20201614509177, 20.271654493837794, 28.948566796273433, 0.0, 0.0, 0.0, 0.0, 0.0, 0.0, 0.0, 0.0, 0.0, 0.0, 0.0, 0.0, 0.0, 0.0, 0.0, 0.0, 0.0, 0.0, 0.0, 0.0, 0.0, 0.0, 0.0, 0.0, 0.0, 0.0, 0.0, 0.0, 0.0, 0.0], [0.0, 0.0, 0.0, 0.0, 0.0, 0.0, 0.0, 0.0, 0.0, 0.0, 0.0, 0.0, 0.0, 0.0, 0.0, 0.0, 0.0, 0.0, 0.0, 0.0, 0.0, 0.0, 0.0, 0.0, 0.0, 0.0, 0.0, 0.0, 0.0, 0.0, 14.20201614509177, 19.076475818355146, 24.001131951968226, 1.9973341029135063, 20.271654493837794, 13.197210492363567, 26.075819276012208, 26.095296966524586, 14.614719375960169, 24.906479973512198, 18.193320797428573, 16.07214061592944, 28.948566796273433, 17.68592531555722, 26.075819276012208, 1.9973341029135063, 18.193320797428573, 14.20201614509177, 20.271654493837794, 28.948566796273433, 0.0, 0.0, 0.0, 0.0, 0.0, 0.0, 0.0, 0.0, 0.0, 0.0, 0.0, 0.0, 0.0, 0.0, 0.0, 0.0, 0.0, 0.0, 0.0, 0.0, 0.0, 0.0, 0.0, 0.0, 0.0, 0.0, 0.0, 0.0, 0.0, 0.0], [0.0, 0.0, 0.0, 0.0, 0.0, 0.0, 0.0, 0.0, 0.0, 0.0, 0.0, 0.0, 0.0, 0.0, 0.0, 0.0, 0.0, 0.0, 0.0, 0.0, 0.0, 0.0, 0.0, 0.0, 0.0, 0.0, 0.0, 0.0, 0.0, 0.0, 14.20201614509177, 19.076475818355146, 24.001131951968226, 1.9973341029135063, 20.271654493837794, 13.197210492363567, 26.075819276012208, 26.095296966524586, 14.614719375960169, 24.906479973512198, 18.193320797428573, 16.07214061592944, 28.948566796273433, 17.68592531555722, 26.075819276012208, 1.9973341029135063, 18.193320797428573, 14.20201614509177, 20.271654493837794, 28.948566796273433, 0.0, 0.0, 0.0, 0.0, 0.0, 0.0, 0.0, 0.0, 0.0, 0.0, 0.0, 0.0, 0.0, 0.0, 0.0, 0.0, 0.0, 0.0, 0.0, 0.0, 0.0, 0.0, 0.0, 0.0, 0.0, 0.0, 0.0, 0.0, 0.0, 0.0], [0.0, 0.0, 0.0, 0.0, 0.0, 0.0, 0.0, 0.0, 0.0, 0.0, 0.0, 0.0, 0.0, 0.0, 0.0, 0.0, 0.0, 0.0, 0.0, 0.0, 0.0, 0.0, 0.0, 0.0, 0.0, 0.0, 0.0, 0.0, 0.0, 0.0, 14.20201614509177, 19.076475818355146, 24.001131951968226, 1.9973341029135063, 20.271654493837794, 13.197210492363567, 26.075819276012208, 26.095296966524586, 14.614719375960169, 24.906479973512198, 18.193320797428573, 16.07214061592944, 28.948566796273433, 17.68592531555722, 26.075819276012208, 1.9973341029135063, 18.193320797428573, 14.20201614509177, 20.271654493837794, 28.948566796273433, 0.0, 0.0, 0.0, 0.0, 0.0, 0.0, 0.0, 0.0, 0.0, 0.0, 0.0, 0.0, 0.0, 0.0, 0.0, 0.0, 0.0, 0.0, 0.0, 0.0, 0.0, 0.0, 0.0, 0.0, 0.0, 0.0, 0.0, 0.0, 0.0, 0.0], [0.0, 0.0, 0.0, 0.0, 0.0, 0.0, 0.0, 0.0, 0.0, 0.0, 0.0, 0.0, 0.0, 0.0, 0.0, 0.0, 0.0, 0.0, 0.0, 0.0, 0.0, 0.0, 0.0, 0.0, 0.0, 0.0, 0.0, 0.0, 0.0, 0.0, 14.20201614509177, 19.076475818355146, 24.001131951968226, 1.9973341029135063, 20.271654493837794, 13.197210492363567, 26.075819276012208, 26.095296966524586, 14.614719375960169, 24.906479973512198, 18.193320797428573, 16.07214061592944, 28.948566796273433, 17.68592531555722, 26.075819276012208, 1.9973341029135063, 18.193320797428573, 14.20201614509177, 20.271654493837794, 28.948566796273433, 0.0, 0.0, 0.0, 0.0, 0.0, 0.0, 0.0, 0.0, 0.0, 0.0, 0.0, 0.0, 0.0, 0.0, 0.0, 0.0, 0.0, 0.0, 0.0, 0.0, 0.0, 0.0, 0.0, 0.0, 0.0, 0.0, 0.0, 0.0, 0.0, 0.0], [0.0, 0.0, 0.0, 0.0, 0.0, 0.0, 0.0, 0.0, 0.0, 0.0, 0.0, 0.0, 0.0, 0.0, 0.0, 0.0, 0.0, 0.0, 0.0, 0.0, 0.0, 0.0, 0.0, 0.0, 0.0, 0.0, 0.0, 0.0, 0.0, 0.0, 14.20201614509177, 19.076475818355146, 24.001131951968226, 1.9973341029135063, 20.271654493837794, 13.197210492363567, 26.075819276012208, 26.095296966524586, 14.614719375960169, 24.906479973512198, 18.193320797428573, 16.07214061592944, 28.948566796273433, 17.68592531555722, 26.075819276012208, 1.9973341029135063, 18.193320797428573, 14.20201614509177, 20.271654493837794, 28.948566796273433, 0.0, 0.0, 0.0, 0.0, 0.0, 0.0, 0.0, 0.0, 0.0, 0.0, 0.0, 0.0, 0.0, 0.0, 0.0, 0.0, 0.0, 0.0, 0.0, 0.0, 0.0, 0.0, 0.0, 0.0, 0.0, 0.0, 0.0, 0.0, 0.0, 0.0], [0.0, 0.0, 0.0, 0.0, 0.0, 0.0, 0.0, 0.0, 0.0, 0.0, 0.0, 0.0, 0.0, 0.0, 0.0, 0.0, 0.0, 0.0, 0.0, 0.0, 0.0, 0.0, 0.0, 0.0, 0.0, 0.0, 0.0, 0.0, 0.0, 0.0, 14.20201614509177, 19.076475818355146, 24.001131951968226, 1.9973341029135063, 20.271654493837794, 13.197210492363567, 26.075819276012208, 26.095296966524586, 14.614719375960169, 24.906479973512198, 18.193320797428573, 16.07214061592944, 28.948566796273433, 17.68592531555722, 26.075819276012208, 1.9973341029135063, 18.193320797428573, 14.20201614509177, 20.271654493837794, 28.948566796273433, 0.0, 0.0, 0.0, 0.0, 0.0, 0.0, 0.0, 0.0, 0.0, 0.0, 0.0, 0.0, 0.0, 0.0, 0.0, 0.0, 0.0, 0.0, 0.0, 0.0, 0.0, 0.0, 0.0, 0.0, 0.0, 0.0, 0.0, 0.0, 0.0, 0.0], [0.0, 0.0, 0.0, 0.0, 0.0, 0.0, 0.0, 0.0, 0.0, 0.0, 0.0, 0.0, 0.0, 0.0, 0.0, 0.0, 0.0, 0.0, 0.0, 0.0, 0.0, 0.0, 0.0, 0.0, 0.0, 0.0, 0.0, 0.0, 0.0, 0.0, 14.20201614509177, 19.076475818355146, 24.001131951968226, 1.9973341029135063, 20.271654493837794, 13.197210492363567, 26.075819276012208, 26.095296966524586, 14.614719375960169, 24.906479973512198, 18.193320797428573, 16.07214061592944, 28.948566796273433, 17.68592531555722, 26.075819276012208, 1.9973341029135063, 18.193320797428573, 14.20201614509177, 20.271654493837794, 28.948566796273433, 0.0, 0.0, 0.0, 0.0, 0.0, 0.0, 0.0, 0.0, 0.0, 0.0, 0.0, 0.0, 0.0, 0.0, 0.0, 0.0, 0.0, 0.0, 0.0, 0.0, 0.0, 0.0, 0.0, 0.0, 0.0, 0.0, 0.0, 0.0, 0.0, 0.0], [0.0, 0.0, 0.0, 0.0, 0.0, 0.0, 0.0, 0.0, 0.0, 0.0, 0.0, 0.0, 0.0, 0.0, 0.0, 0.0, 0.0, 0.0, 0.0, 0.0, 0.0, 0.0, 0.0, 0.0, 0.0, 0.0, 0.0, 0.0, 0.0, 0.0, 14.20201614509177, 19.076475818355146, 24.001131951968226, 1.9973341029135063, 20.271654493837794, 13.197210492363567, 26.075819276012208, 26.095296966524586, 14.614719375960169, 24.906479973512198, 18.193320797428573, 16.07214061592944, 28.948566796273433, 17.68592531555722, 26.075819276012208, 1.9973341029135063, 18.193320797428573, 14.20201614509177, 20.271654493837794, 28.948566796273433, 0.0, 0.0, 0.0, 0.0, 0.0, 0.0, 0.0, 0.0, 0.0, 0.0, 0.0, 0.0, 0.0, 0.0, 0.0, 0.0, 0.0, 0.0, 0.0, 0.0, 0.0, 0.0, 0.0, 0.0, 0.0, 0.0, 0.0, 0.0, 0.0, 0.0], [0.0, 0.0, 0.0, 0.0, 0.0, 0.0, 0.0, 0.0, 0.0, 0.0, 0.0, 0.0, 0.0, 0.0, 0.0, 0.0, 0.0, 0.0, 0.0, 0.0, 0.0, 0.0, 0.0, 0.0, 0.0, 0.0, 0.0, 0.0, 0.0, 0.0, 14.20201614509177, 19.076475818355146, 24.001131951968226, 1.9973341029135063, 20.271654493837794, 13.197210492363567, 26.075819276012208, 26.095296966524586, 14.614719375960169, 24.906479973512198, 18.193320797428573, 16.07214061592944, 28.948566796273433, 17.68592531555722, 26.075819276012208, 1.9973341029135063, 18.193320797428573, 14.20201614509177, 20.271654493837794, 28.948566796273433, 0.0, 0.0, 0.0, 0.0, 0.0, 0.0, 0.0, 0.0, 0.0, 0.0, 0.0, 0.0, 0.0, 0.0, 0.0, 0.0, 0.0, 0.0, 0.0, 0.0, 0.0, 0.0, 0.0, 0.0, 0.0, 0.0, 0.0, 0.0, 0.0, 0.0], [0.0, 0.0, 0.0, 0.0, 0.0, 0.0, 0.0, 0.0, 0.0, 0.0, 0.0, 0.0, 0.0, 0.0, 0.0, 0.0, 0.0, 0.0, 0.0, 0.0, 0.0, 0.0, 0.0, 0.0, 0.0, 0.0, 0.0, 0.0, 0.0, 0.0, 14.20201614509177, 19.076475818355146, 24.001131951968226, 1.9973341029135063, 20.271654493837794, 13.197210492363567, 26.075819276012208, 26.095296966524586, 14.614719375960169, 24.906479973512198, 18.193320797428573, 16.07214061592944, 28.948566796273433, 17.68592531555722, 26.075819276012208, 1.9973341029135063, 18.193320797428573, 14.20201614509177, 20.271654493837794, 28.948566796273433, 0.0, 0.0, 0.0, 0.0, 0.0, 0.0, 0.0, 0.0, 0.0, 0.0, 0.0, 0.0, 0.0, 0.0, 0.0, 0.0, 0.0, 0.0, 0.0, 0.0, 0.0, 0.0, 0.0, 0.0, 0.0, 0.0, 0.0, 0.0, 0.0, 0.0]];
