M = 99999999.0;
numWorkers = 30;
numRoles = 5;
numNodes = 80;
wStart = [0, 0, 0, 0, 0, 0, 0, 0, 0, 0, 0, 0, 0, 0, 0, 0, 0, 0, 0, 0, 0, 0, 0, 0, 0, 0, 0, 0, 0, 0, 90, 60, 300, 90, 330, 390, 180, 150, 90, 240, 150, 390, 60, 60, 210, 210, 60, 90, 120, 210, 480, 480, 480, 480, 480, 480, 480, 480, 480, 480, 480, 480, 480, 480, 480, 480, 480, 480, 480, 480, 480, 480, 480, 480, 480, 480, 480, 480, 480, 480];
wEnd = [0, 0, 0, 0, 0, 0, 0, 0, 0, 0, 0, 0, 0, 0, 0, 0, 0, 0, 0, 0, 0, 0, 0, 0, 0, 0, 0, 0, 0, 0, 240, 240, 390, 450, 420, 420, 390, 360, 150, 450, 390, 450, 390, 240, 270, 360, 300, 210, 210, 360, 480, 480, 480, 480, 480, 480, 480, 480, 480, 480, 480, 480, 480, 480, 480, 480, 480, 480, 480, 480, 480, 480, 480, 480, 480, 480, 480, 480, 480, 480];
p = [0, 0, 0, 0, 0, 0, 0, 0, 0, 0, 0, 0, 0, 0, 0, 0, 0, 0, 0, 0, 0, 0, 0, 0, 0, 0, 0, 0, 0, 0, 66.66660981137883, 52.518993380564346, 20.88151502859068, 47.71852371459234, 42.066554382632496, 74.43328407419412, 47.04091692486898, 69.06940133123783, 61.1051722967775, 59.26846173404818, 22.34488981237233, 20.006968424040235, 48.687647768315195, 49.30543811569068, 66.94626377636007, 43.14629756506662, 23.440947260628246, 64.5436438118621, 59.24578462146922, 44.20062403178822, 0, 0, 0, 0, 0, 0, 0, 0, 0, 0, 0, 0, 0, 0, 0, 0, 0, 0, 0, 0, 0, 0, 0, 0, 0, 0, 0, 0, 0, 0];
e = [[0, 0, 0, 1, 1], [1, 0, 1, 0, 0], [0, 1, 0, 0, 1], [1, 0, 1, 0, 0], [1, 0, 1, 0, 0], [1, 0, 1, 0, 0], [0, 1, 0, 0, 0], [0, 1, 0, 0, 0], [1, 0, 0, 0, 0], [0, 1, 0, 0, 0], [0, 0, 1, 0, 0], [1, 0, 0, 0, 0], [0, 1, 0, 0, 0], [1, 0, 0, 0, 0], [0, 0, 0, 1, 0], [0, 0, 0, 0, 1], [0, 0, 0, 0, 1], [0, 0, 0, 1, 0], [0, 0, 0, 1, 0], [0, 0, 0, 1, 0], [1, 0, 0, 0, 0], [0, 0, 1, 0, 0], [0, 0, 0, 0, 1], [0, 1, 0, 0, 0], [1, 0, 0, 0, 0], [0, 1, 0, 0, 0], [0, 1, 0, 0, 0], [0, 0, 0, 0, 1], [0, 1, 0, 0, 0], [0, 0, 0, 1, 0]];
d = [[0, 0, 0, 0, 0, 0, 0, 1, 0, 0, 0, 1, 0, 0, 1, 0, 0, 0, 0, 0], [2, 0, 2, 2, 1, 1, 2, 0, 2, 1, 2, 0, 2, 1, 0, 2, 2, 0, 0, 1], [0, 2, 0, 0, 1, 1, 0, 2, 0, 1, 0, 2, 3, 1, 2, 0, 0, 2, 2, 1], [2, 0, 2, 2, 0, 0, 2, 0, 2, 0, 2, 0, 0, 0, 0, 2, 2, 0, 0, 0], [1, 1, 1, 1, 1, 1, 1, 0, 1, 1, 1, 0, 0, 1, 0, 1, 1, 1, 1, 1]];
r = [4190, 1033, 1985, 4538, 4183, 173, 4531, 3238, 1761, 2807, 4242, 3863, 3701, 380, 2876, 4433, 1953, 2187, 240, 1282];
g = [[0, 0, 0, 0, 0, 0, 0, 0, 0, 0, 0, 0, 0, 0, 0, 0, 0, 0, 0, 0], [0, 0, 0, 0, 0, 0, 0, 0, 0, 0, 0, 0, 0, 0, 0, 0, 0, 0, 0, 0], [0, 0, 0, 0, 0, 0, 0, 0, 0, 0, 0, 0, 0, 0, 0, 0, 0, 0, 0, 0], [0, 0, 0, 0, 0, 0, 0, 0, 0, 0, 0, 0, 0, 0, 0, 0, 0, 0, 0, 0], [0, 0, 0, 0, 0, 0, 0, 0, 0, 0, 0, 0, 0, 0, 0, 0, 0, 0, 0, 0], [0, 0, 0, 0, 0, 0, 0, 0, 0, 0, 0, 0, 0, 0, 0, 0, 0, 0, 0, 0], [0, 0, 0, 0, 0, 0, 0, 0, 0, 0, 0, 0, 0, 0, 0, 0, 0, 0, 0, 0], [0, 0, 0, 0, 0, 0, 0, 0, 0, 0, 0, 0, 0, 0, 0, 0, 0, 0, 0, 0], [0, 0, 0, 0, 0, 0, 0, 0, 0, 0, 0, 0, 0, 0, 0, 0, 0, 0, 0, 0], [0, 0, 0, 0, 0, 0, 0, 0, 0, 0, 0, 0, 0, 0, 0, 0, 0, 0, 0, 0], [0, 0, 0, 0, 0, 0, 0, 0, 0, 0, 0, 0, 0, 0, 0, 0, 0, 0, 0, 0], [0, 0, 0, 0, 0, 0, 0, 0, 0, 0, 0, 0, 0, 0, 0, 0, 0, 0, 0, 0], [0, 0, 0, 0, 0, 0, 0, 0, 0, 0, 0, 0, 0, 0, 0, 0, 0, 0, 0, 0], [0, 0, 0, 0, 0, 0, 0, 0, 0, 0, 0, 0, 0, 0, 0, 0, 0, 0, 0, 0], [0, 0, 0, 0, 0, 0, 0, 0, 0, 0, 0, 0, 0, 0, 0, 0, 0, 0, 0, 0], [0, 0, 0, 0, 0, 0, 0, 0, 0, 0, 0, 0, 0, 0, 0, 0, 0, 0, 0, 0], [0, 0, 0, 0, 0, 0, 0, 0, 0, 0, 0, 0, 0, 0, 0, 0, 0, 0, 0, 0], [0, 0, 0, 0, 0, 0, 0, 0, 0, 0, 0, 0, 0, 0, 0, 0, 0, 0, 0, 0], [0, 0, 0, 0, 0, 0, 0, 0, 0, 0, 0, 0, 0, 0, 0, 0, 0, 0, 0, 0], [0, 0, 0, 0, 0, 0, 0, 0, 0, 0, 0, 0, 0, 0, 0, 0, 0, 0, 0, 0]];
t = [[0.0, 0.0, 0.0, 0.0, 0.0, 0.0, 0.0, 0.0, 0.0, 0.0, 0.0, 0.0, 0.0, 0.0, 0.0, 0.0, 0.0, 0.0, 0.0, 0.0, 0.0, 0.0, 0.0, 0.0, 0.0, 0.0, 0.0, 0.0, 0.0, 0.0, 40.844634686770476, 20.06888762922789, 26.485718766344174, 28.090816856114607, 24.38831273281486, 27.068647338465638, 23.400165484366696, 41.030185966748135, 12.496088039167361, 17.22477195414856, 4.359731467341347, 31.497360320928397, 46.83632337737953, 24.91576818687634, 6.802180363226862, 31.426480645366958, 30.629769806348783, 29.39620349721209, 27.903802879962466, 12.722086169092625, 0.0, 0.0, 0.0, 0.0, 0.0, 0.0, 0.0, 0.0, 0.0, 0.0, 0.0, 0.0, 0.0, 0.0, 0.0, 0.0, 0.0, 0.0, 0.0, 0.0, 0.0, 0.0, 0.0, 0.0, 0.0, 0.0, 0.0, 0.0, 0.0, 0.0], [0.0, 0.0, 0.0, 0.0, 0.0, 0.0, 0.0, 0.0, 0.0, 0.0, 0.0, 0.0, 0.0, 0.0, 0.0, 0.0, 0.0, 0.0, 0.0, 0.0, 0.0, 0.0, 0.0, 0.0, 0.0, 0.0, 0.0, 0.0, 0.0, 0.0, 40.844634686770476, 20.06888762922789, 26.485718766344174, 28.090816856114607, 24.38831273281486, 27.068647338465638, 23.400165484366696, 41.030185966748135, 12.496088039167361, 17.22477195414856, 4.359731467341347, 31.497360320928397, 46.83632337737953, 24.91576818687634, 6.802180363226862, 31.426480645366958, 30.629769806348783, 29.39620349721209, 27.903802879962466, 12.722086169092625, 0.0, 0.0, 0.0, 0.0, 0.0, 0.0, 0.0, 0.0, 0.0, 0.0, 0.0, 0.0, 0.0, 0.0, 0.0, 0.0, 0.0, 0.0, 0.0, 0.0, 0.0, 0.0, 0.0, 0.0, 0.0, 0.0, 0.0, 0.0, 0.0, 0.0], [0.0, 0.0, 0.0, 0.0, 0.0, 0.0, 0.0, 0.0, 0.0, 0.0, 0.0, 0.0, 0.0, 0.0, 0.0, 0.0, 0.0, 0.0, 0.0, 0.0, 0.0, 0.0, 0.0, 0.0, 0.0, 0.0, 0.0, 0.0, 0.0, 0.0, 40.844634686770476, 20.06888762922789, 26.485718766344174, 28.090816856114607, 24.38831273281486, 27.068647338465638, 23.400165484366696, 41.030185966748135, 12.496088039167361, 17.22477195414856, 4.359731467341347, 31.497360320928397, 46.83632337737953, 24.91576818687634, 6.802180363226862, 31.426480645366958, 30.629769806348783, 29.39620349721209, 27.903802879962466, 12.722086169092625, 0.0, 0.0, 0.0, 0.0, 0.0, 0.0, 0.0, 0.0, 0.0, 0.0, 0.0, 0.0, 0.0, 0.0, 0.0, 0.0, 0.0, 0.0, 0.0, 0.0, 0.0, 0.0, 0.0, 0.0, 0.0, 0.0, 0.0, 0.0, 0.0, 0.0], [0.0, 0.0, 0.0, 0.0, 0.0, 0.0, 0.0, 0.0, 0.0, 0.0, 0.0, 0.0, 0.0, 0.0, 0.0, 0.0, 0.0, 0.0, 0.0, 0.0, 0.0, 0.0, 0.0, 0.0, 0.0, 0.0, 0.0, 0.0, 0.0, 0.0, 40.844634686770476, 20.06888762922789, 26.485718766344174, 28.090816856114607, 24.38831273281486, 27.068647338465638, 23.400165484366696, 41.030185966748135, 12.496088039167361, 17.22477195414856, 4.359731467341347, 31.497360320928397, 46.83632337737953, 24.91576818687634, 6.802180363226862, 31.426480645366958, 30.629769806348783, 29.39620349721209, 27.903802879962466, 12.722086169092625, 0.0, 0.0, 0.0, 0.0, 0.0, 0.0, 0.0, 0.0, 0.0, 0.0, 0.0, 0.0, 0.0, 0.0, 0.0, 0.0, 0.0, 0.0, 0.0, 0.0, 0.0, 0.0, 0.0, 0.0, 0.0, 0.0, 0.0, 0.0, 0.0, 0.0], [0.0, 0.0, 0.0, 0.0, 0.0, 0.0, 0.0, 0.0, 0.0, 0.0, 0.0, 0.0, 0.0, 0.0, 0.0, 0.0, 0.0, 0.0, 0.0, 0.0, 0.0, 0.0, 0.0, 0.0, 0.0, 0.0, 0.0, 0.0, 0.0, 0.0, 40.844634686770476, 20.06888762922789, 26.485718766344174, 28.090816856114607, 24.38831273281486, 27.068647338465638, 23.400165484366696, 41.030185966748135, 12.496088039167361, 17.22477195414856, 4.359731467341347, 31.497360320928397, 46.83632337737953, 24.91576818687634, 6.802180363226862, 31.426480645366958, 30.629769806348783, 29.39620349721209, 27.903802879962466, 12.722086169092625, 0.0, 0.0, 0.0, 0.0, 0.0, 0.0, 0.0, 0.0, 0.0, 0.0, 0.0, 0.0, 0.0, 0.0, 0.0, 0.0, 0.0, 0.0, 0.0, 0.0, 0.0, 0.0, 0.0, 0.0, 0.0, 0.0, 0.0, 0.0, 0.0, 0.0], [0.0, 0.0, 0.0, 0.0, 0.0, 0.0, 0.0, 0.0, 0.0, 0.0, 0.0, 0.0, 0.0, 0.0, 0.0, 0.0, 0.0, 0.0, 0.0, 0.0, 0.0, 0.0, 0.0, 0.0, 0.0, 0.0, 0.0, 0.0, 0.0, 0.0, 40.844634686770476, 20.06888762922789, 26.485718766344174, 28.090816856114607, 24.38831273281486, 27.068647338465638, 23.400165484366696, 41.030185966748135, 12.496088039167361, 17.22477195414856, 4.359731467341347, 31.497360320928397, 46.83632337737953, 24.91576818687634, 6.802180363226862, 31.426480645366958, 30.629769806348783, 29.39620349721209, 27.903802879962466, 12.722086169092625, 0.0, 0.0, 0.0, 0.0, 0.0, 0.0, 0.0, 0.0, 0.0, 0.0, 0.0, 0.0, 0.0, 0.0, 0.0, 0.0, 0.0, 0.0, 0.0, 0.0, 0.0, 0.0, 0.0, 0.0, 0.0, 0.0, 0.0, 0.0, 0.0, 0.0], [0.0, 0.0, 0.0, 0.0, 0.0, 0.0, 0.0, 0.0, 0.0, 0.0, 0.0, 0.0, 0.0, 0.0, 0.0, 0.0, 0.0, 0.0, 0.0, 0.0, 0.0, 0.0, 0.0, 0.0, 0.0, 0.0, 0.0, 0.0, 0.0, 0.0, 40.844634686770476, 20.06888762922789, 26.485718766344174, 28.090816856114607, 24.38831273281486, 27.068647338465638, 23.400165484366696, 41.030185966748135, 12.496088039167361, 17.22477195414856, 4.359731467341347, 31.497360320928397, 46.83632337737953, 24.91576818687634, 6.802180363226862, 31.426480645366958, 30.629769806348783, 29.39620349721209, 27.903802879962466, 12.722086169092625, 0.0, 0.0, 0.0, 0.0, 0.0, 0.0, 0.0, 0.0, 0.0, 0.0, 0.0, 0.0, 0.0, 0.0, 0.0, 0.0, 0.0, 0.0, 0.0, 0.0, 0.0, 0.0, 0.0, 0.0, 0.0, 0.0, 0.0, 0.0, 0.0, 0.0], [0.0, 0.0, 0.0, 0.0, 0.0, 0.0, 0.0, 0.0, 0.0, 0.0, 0.0, 0.0, 0.0, 0.0, 0.0, 0.0, 0.0, 0.0, 0.0, 0.0, 0.0, 0.0, 0.0, 0.0, 0.0, 0.0, 0.0, 0.0, 0.0, 0.0, 40.844634686770476, 20.06888762922789, 26.485718766344174, 28.090816856114607, 24.38831273281486, 27.068647338465638, 23.400165484366696, 41.030185966748135, 12.496088039167361, 17.22477195414856, 4.359731467341347, 31.497360320928397, 46.83632337737953, 24.91576818687634, 6.802180363226862, 31.426480645366958, 30.629769806348783, 29.39620349721209, 27.903802879962466, 12.722086169092625, 0.0, 0.0, 0.0, 0.0, 0.0, 0.0, 0.0, 0.0, 0.0, 0.0, 0.0, 0.0, 0.0, 0.0, 0.0, 0.0, 0.0, 0.0, 0.0, 0.0, 0.0, 0.0, 0.0, 0.0, 0.0, 0.0, 0.0, 0.0, 0.0, 0.0], [0.0, 0.0, 0.0, 0.0, 0.0, 0.0, 0.0, 0.0, 0.0, 0.0, 0.0, 0.0, 0.0, 0.0, 0.0, 0.0, 0.0, 0.0, 0.0, 0.0, 0.0, 0.0, 0.0, 0.0, 0.0, 0.0, 0.0, 0.0, 0.0, 0.0, 40.844634686770476, 20.06888762922789, 26.485718766344174, 28.090816856114607, 24.38831273281486, 27.068647338465638, 23.400165484366696, 41.030185966748135, 12.496088039167361, 17.22477195414856, 4.359731467341347, 31.497360320928397, 46.83632337737953, 24.91576818687634, 6.802180363226862, 31.426480645366958, 30.629769806348783, 29.39620349721209, 27.903802879962466, 12.722086169092625, 0.0, 0.0, 0.0, 0.0, 0.0, 0.0, 0.0, 0.0, 0.0, 0.0, 0.0, 0.0, 0.0, 0.0, 0.0, 0.0, 0.0, 0.0, 0.0, 0.0, 0.0, 0.0, 0.0, 0.0, 0.0, 0.0, 0.0, 0.0, 0.0, 0.0], [0.0, 0.0, 0.0, 0.0, 0.0, 0.0, 0.0, 0.0, 0.0, 0.0, 0.0, 0.0, 0.0, 0.0, 0.0, 0.0, 0.0, 0.0, 0.0, 0.0, 0.0, 0.0, 0.0, 0.0, 0.0, 0.0, 0.0, 0.0, 0.0, 0.0, 40.844634686770476, 20.06888762922789, 26.485718766344174, 28.090816856114607, 24.38831273281486, 27.068647338465638, 23.400165484366696, 41.030185966748135, 12.496088039167361, 17.22477195414856, 4.359731467341347, 31.497360320928397, 46.83632337737953, 24.91576818687634, 6.802180363226862, 31.426480645366958, 30.629769806348783, 29.39620349721209, 27.903802879962466, 12.722086169092625, 0.0, 0.0, 0.0, 0.0, 0.0, 0.0, 0.0, 0.0, 0.0, 0.0, 0.0, 0.0, 0.0, 0.0, 0.0, 0.0, 0.0, 0.0, 0.0, 0.0, 0.0, 0.0, 0.0, 0.0, 0.0, 0.0, 0.0, 0.0, 0.0, 0.0], [0.0, 0.0, 0.0, 0.0, 0.0, 0.0, 0.0, 0.0, 0.0, 0.0, 0.0, 0.0, 0.0, 0.0, 0.0, 0.0, 0.0, 0.0, 0.0, 0.0, 0.0, 0.0, 0.0, 0.0, 0.0, 0.0, 0.0, 0.0, 0.0, 0.0, 40.844634686770476, 20.06888762922789, 26.485718766344174, 28.090816856114607, 24.38831273281486, 27.068647338465638, 23.400165484366696, 41.030185966748135, 12.496088039167361, 17.22477195414856, 4.359731467341347, 31.497360320928397, 46.83632337737953, 24.91576818687634, 6.802180363226862, 31.426480645366958, 30.629769806348783, 29.39620349721209, 27.903802879962466, 12.722086169092625, 0.0, 0.0, 0.0, 0.0, 0.0, 0.0, 0.0, 0.0, 0.0, 0.0, 0.0, 0.0, 0.0, 0.0, 0.0, 0.0, 0.0, 0.0, 0.0, 0.0, 0.0, 0.0, 0.0, 0.0, 0.0, 0.0, 0.0, 0.0, 0.0, 0.0], [0.0, 0.0, 0.0, 0.0, 0.0, 0.0, 0.0, 0.0, 0.0, 0.0, 0.0, 0.0, 0.0, 0.0, 0.0, 0.0, 0.0, 0.0, 0.0, 0.0, 0.0, 0.0, 0.0, 0.0, 0.0, 0.0, 0.0, 0.0, 0.0, 0.0, 40.844634686770476, 20.06888762922789, 26.485718766344174, 28.090816856114607, 24.38831273281486, 27.068647338465638, 23.400165484366696, 41.030185966748135, 12.496088039167361, 17.22477195414856, 4.359731467341347, 31.497360320928397, 46.83632337737953, 24.91576818687634, 6.802180363226862, 31.426480645366958, 30.629769806348783, 29.39620349721209, 27.903802879962466, 12.722086169092625, 0.0, 0.0, 0.0, 0.0, 0.0, 0.0, 0.0, 0.0, 0.0, 0.0, 0.0, 0.0, 0.0, 0.0, 0.0, 0.0, 0.0, 0.0, 0.0, 0.0, 0.0, 0.0, 0.0, 0.0, 0.0, 0.0, 0.0, 0.0, 0.0, 0.0], [0.0, 0.0, 0.0, 0.0, 0.0, 0.0, 0.0, 0.0, 0.0, 0.0, 0.0, 0.0, 0.0, 0.0, 0.0, 0.0, 0.0, 0.0, 0.0, 0.0, 0.0, 0.0, 0.0, 0.0, 0.0, 0.0, 0.0, 0.0, 0.0, 0.0, 40.844634686770476, 20.06888762922789, 26.485718766344174, 28.090816856114607, 24.38831273281486, 27.068647338465638, 23.400165484366696, 41.030185966748135, 12.496088039167361, 17.22477195414856, 4.359731467341347, 31.497360320928397, 46.83632337737953, 24.91576818687634, 6.802180363226862, 31.426480645366958, 30.629769806348783, 29.39620349721209, 27.903802879962466, 12.722086169092625, 0.0, 0.0, 0.0, 0.0, 0.0, 0.0, 0.0, 0.0, 0.0, 0.0, 0.0, 0.0, 0.0, 0.0, 0.0, 0.0, 0.0, 0.0, 0.0, 0.0, 0.0, 0.0, 0.0, 0.0, 0.0, 0.0, 0.0, 0.0, 0.0, 0.0], [0.0, 0.0, 0.0, 0.0, 0.0, 0.0, 0.0, 0.0, 0.0, 0.0, 0.0, 0.0, 0.0, 0.0, 0.0, 0.0, 0.0, 0.0, 0.0, 0.0, 0.0, 0.0, 0.0, 0.0, 0.0, 0.0, 0.0, 0.0, 0.0, 0.0, 40.844634686770476, 20.06888762922789, 26.485718766344174, 28.090816856114607, 24.38831273281486, 27.068647338465638, 23.400165484366696, 41.030185966748135, 12.496088039167361, 17.22477195414856, 4.359731467341347, 31.497360320928397, 46.83632337737953, 24.91576818687634, 6.802180363226862, 31.426480645366958, 30.629769806348783, 29.39620349721209, 27.903802879962466, 12.722086169092625, 0.0, 0.0, 0.0, 0.0, 0.0, 0.0, 0.0, 0.0, 0.0, 0.0, 0.0, 0.0, 0.0, 0.0, 0.0, 0.0, 0.0, 0.0, 0.0, 0.0, 0.0, 0.0, 0.0, 0.0, 0.0, 0.0, 0.0, 0.0, 0.0, 0.0], [0.0, 0.0, 0.0, 0.0, 0.0, 0.0, 0.0, 0.0, 0.0, 0.0, 0.0, 0.0, 0.0, 0.0, 0.0, 0.0, 0.0, 0.0, 0.0, 0.0, 0.0, 0.0, 0.0, 0.0, 0.0, 0.0, 0.0, 0.0, 0.0, 0.0, 40.844634686770476, 20.06888762922789, 26.485718766344174, 28.090816856114607, 24.38831273281486, 27.068647338465638, 23.400165484366696, 41.030185966748135, 12.496088039167361, 17.22477195414856, 4.359731467341347, 31.497360320928397, 46.83632337737953, 24.91576818687634, 6.802180363226862, 31.426480645366958, 30.629769806348783, 29.39620349721209, 27.903802879962466, 12.722086169092625, 0.0, 0.0, 0.0, 0.0, 0.0, 0.0, 0.0, 0.0, 0.0, 0.0, 0.0, 0.0, 0.0, 0.0, 0.0, 0.0, 0.0, 0.0, 0.0, 0.0, 0.0, 0.0, 0.0, 0.0, 0.0, 0.0, 0.0, 0.0, 0.0, 0.0], [0.0, 0.0, 0.0, 0.0, 0.0, 0.0, 0.0, 0.0, 0.0, 0.0, 0.0, 0.0, 0.0, 0.0, 0.0, 0.0, 0.0, 0.0, 0.0, 0.0, 0.0, 0.0, 0.0, 0.0, 0.0, 0.0, 0.0, 0.0, 0.0, 0.0, 40.844634686770476, 20.06888762922789, 26.485718766344174, 28.090816856114607, 24.38831273281486, 27.068647338465638, 23.400165484366696, 41.030185966748135, 12.496088039167361, 17.22477195414856, 4.359731467341347, 31.497360320928397, 46.83632337737953, 24.91576818687634, 6.802180363226862, 31.426480645366958, 30.629769806348783, 29.39620349721209, 27.903802879962466, 12.722086169092625, 0.0, 0.0, 0.0, 0.0, 0.0, 0.0, 0.0, 0.0, 0.0, 0.0, 0.0, 0.0, 0.0, 0.0, 0.0, 0.0, 0.0, 0.0, 0.0, 0.0, 0.0, 0.0, 0.0, 0.0, 0.0, 0.0, 0.0, 0.0, 0.0, 0.0], [0.0, 0.0, 0.0, 0.0, 0.0, 0.0, 0.0, 0.0, 0.0, 0.0, 0.0, 0.0, 0.0, 0.0, 0.0, 0.0, 0.0, 0.0, 0.0, 0.0, 0.0, 0.0, 0.0, 0.0, 0.0, 0.0, 0.0, 0.0, 0.0, 0.0, 40.844634686770476, 20.06888762922789, 26.485718766344174, 28.090816856114607, 24.38831273281486, 27.068647338465638, 23.400165484366696, 41.030185966748135, 12.496088039167361, 17.22477195414856, 4.359731467341347, 31.497360320928397, 46.83632337737953, 24.91576818687634, 6.802180363226862, 31.426480645366958, 30.629769806348783, 29.39620349721209, 27.903802879962466, 12.722086169092625, 0.0, 0.0, 0.0, 0.0, 0.0, 0.0, 0.0, 0.0, 0.0, 0.0, 0.0, 0.0, 0.0, 0.0, 0.0, 0.0, 0.0, 0.0, 0.0, 0.0, 0.0, 0.0, 0.0, 0.0, 0.0, 0.0, 0.0, 0.0, 0.0, 0.0], [0.0, 0.0, 0.0, 0.0, 0.0, 0.0, 0.0, 0.0, 0.0, 0.0, 0.0, 0.0, 0.0, 0.0, 0.0, 0.0, 0.0, 0.0, 0.0, 0.0, 0.0, 0.0, 0.0, 0.0, 0.0, 0.0, 0.0, 0.0, 0.0, 0.0, 40.844634686770476, 20.06888762922789, 26.485718766344174, 28.090816856114607, 24.38831273281486, 27.068647338465638, 23.400165484366696, 41.030185966748135, 12.496088039167361, 17.22477195414856, 4.359731467341347, 31.497360320928397, 46.83632337737953, 24.91576818687634, 6.802180363226862, 31.426480645366958, 30.629769806348783, 29.39620349721209, 27.903802879962466, 12.722086169092625, 0.0, 0.0, 0.0, 0.0, 0.0, 0.0, 0.0, 0.0, 0.0, 0.0, 0.0, 0.0, 0.0, 0.0, 0.0, 0.0, 0.0, 0.0, 0.0, 0.0, 0.0, 0.0, 0.0, 0.0, 0.0, 0.0, 0.0, 0.0, 0.0, 0.0], [0.0, 0.0, 0.0, 0.0, 0.0, 0.0, 0.0, 0.0, 0.0, 0.0, 0.0, 0.0, 0.0, 0.0, 0.0, 0.0, 0.0, 0.0, 0.0, 0.0, 0.0, 0.0, 0.0, 0.0, 0.0, 0.0, 0.0, 0.0, 0.0, 0.0, 40.844634686770476, 20.06888762922789, 26.485718766344174, 28.090816856114607, 24.38831273281486, 27.068647338465638, 23.400165484366696, 41.030185966748135, 12.496088039167361, 17.22477195414856, 4.359731467341347, 31.497360320928397, 46.83632337737953, 24.91576818687634, 6.802180363226862, 31.426480645366958, 30.629769806348783, 29.39620349721209, 27.903802879962466, 12.722086169092625, 0.0, 0.0, 0.0, 0.0, 0.0, 0.0, 0.0, 0.0, 0.0, 0.0, 0.0, 0.0, 0.0, 0.0, 0.0, 0.0, 0.0, 0.0, 0.0, 0.0, 0.0, 0.0, 0.0, 0.0, 0.0, 0.0, 0.0, 0.0, 0.0, 0.0], [0.0, 0.0, 0.0, 0.0, 0.0, 0.0, 0.0, 0.0, 0.0, 0.0, 0.0, 0.0, 0.0, 0.0, 0.0, 0.0, 0.0, 0.0, 0.0, 0.0, 0.0, 0.0, 0.0, 0.0, 0.0, 0.0, 0.0, 0.0, 0.0, 0.0, 40.844634686770476, 20.06888762922789, 26.485718766344174, 28.090816856114607, 24.38831273281486, 27.068647338465638, 23.400165484366696, 41.030185966748135, 12.496088039167361, 17.22477195414856, 4.359731467341347, 31.497360320928397, 46.83632337737953, 24.91576818687634, 6.802180363226862, 31.426480645366958, 30.629769806348783, 29.39620349721209, 27.903802879962466, 12.722086169092625, 0.0, 0.0, 0.0, 0.0, 0.0, 0.0, 0.0, 0.0, 0.0, 0.0, 0.0, 0.0, 0.0, 0.0, 0.0, 0.0, 0.0, 0.0, 0.0, 0.0, 0.0, 0.0, 0.0, 0.0, 0.0, 0.0, 0.0, 0.0, 0.0, 0.0], [0.0, 0.0, 0.0, 0.0, 0.0, 0.0, 0.0, 0.0, 0.0, 0.0, 0.0, 0.0, 0.0, 0.0, 0.0, 0.0, 0.0, 0.0, 0.0, 0.0, 0.0, 0.0, 0.0, 0.0, 0.0, 0.0, 0.0, 0.0, 0.0, 0.0, 40.844634686770476, 20.06888762922789, 26.485718766344174, 28.090816856114607, 24.38831273281486, 27.068647338465638, 23.400165484366696, 41.030185966748135, 12.496088039167361, 17.22477195414856, 4.359731467341347, 31.497360320928397, 46.83632337737953, 24.91576818687634, 6.802180363226862, 31.426480645366958, 30.629769806348783, 29.39620349721209, 27.903802879962466, 12.722086169092625, 0.0, 0.0, 0.0, 0.0, 0.0, 0.0, 0.0, 0.0, 0.0, 0.0, 0.0, 0.0, 0.0, 0.0, 0.0, 0.0, 0.0, 0.0, 0.0, 0.0, 0.0, 0.0, 0.0, 0.0, 0.0, 0.0, 0.0, 0.0, 0.0, 0.0], [0.0, 0.0, 0.0, 0.0, 0.0, 0.0, 0.0, 0.0, 0.0, 0.0, 0.0, 0.0, 0.0, 0.0, 0.0, 0.0, 0.0, 0.0, 0.0, 0.0, 0.0, 0.0, 0.0, 0.0, 0.0, 0.0, 0.0, 0.0, 0.0, 0.0, 40.844634686770476, 20.06888762922789, 26.485718766344174, 28.090816856114607, 24.38831273281486, 27.068647338465638, 23.400165484366696, 41.030185966748135, 12.496088039167361, 17.22477195414856, 4.359731467341347, 31.497360320928397, 46.83632337737953, 24.91576818687634, 6.802180363226862, 31.426480645366958, 30.629769806348783, 29.39620349721209, 27.903802879962466, 12.722086169092625, 0.0, 0.0, 0.0, 0.0, 0.0, 0.0, 0.0, 0.0, 0.0, 0.0, 0.0, 0.0, 0.0, 0.0, 0.0, 0.0, 0.0, 0.0, 0.0, 0.0, 0.0, 0.0, 0.0, 0.0, 0.0, 0.0, 0.0, 0.0, 0.0, 0.0], [0.0, 0.0, 0.0, 0.0, 0.0, 0.0, 0.0, 0.0, 0.0, 0.0, 0.0, 0.0, 0.0, 0.0, 0.0, 0.0, 0.0, 0.0, 0.0, 0.0, 0.0, 0.0, 0.0, 0.0, 0.0, 0.0, 0.0, 0.0, 0.0, 0.0, 40.844634686770476, 20.06888762922789, 26.485718766344174, 28.090816856114607, 24.38831273281486, 27.068647338465638, 23.400165484366696, 41.030185966748135, 12.496088039167361, 17.22477195414856, 4.359731467341347, 31.497360320928397, 46.83632337737953, 24.91576818687634, 6.802180363226862, 31.426480645366958, 30.629769806348783, 29.39620349721209, 27.903802879962466, 12.722086169092625, 0.0, 0.0, 0.0, 0.0, 0.0, 0.0, 0.0, 0.0, 0.0, 0.0, 0.0, 0.0, 0.0, 0.0, 0.0, 0.0, 0.0, 0.0, 0.0, 0.0, 0.0, 0.0, 0.0, 0.0, 0.0, 0.0, 0.0, 0.0, 0.0, 0.0], [0.0, 0.0, 0.0, 0.0, 0.0, 0.0, 0.0, 0.0, 0.0, 0.0, 0.0, 0.0, 0.0, 0.0, 0.0, 0.0, 0.0, 0.0, 0.0, 0.0, 0.0, 0.0, 0.0, 0.0, 0.0, 0.0, 0.0, 0.0, 0.0, 0.0, 40.844634686770476, 20.06888762922789, 26.485718766344174, 28.090816856114607, 24.38831273281486, 27.068647338465638, 23.400165484366696, 41.030185966748135, 12.496088039167361, 17.22477195414856, 4.359731467341347, 31.497360320928397, 46.83632337737953, 24.91576818687634, 6.802180363226862, 31.426480645366958, 30.629769806348783, 29.39620349721209, 27.903802879962466, 12.722086169092625, 0.0, 0.0, 0.0, 0.0, 0.0, 0.0, 0.0, 0.0, 0.0, 0.0, 0.0, 0.0, 0.0, 0.0, 0.0, 0.0, 0.0, 0.0, 0.0, 0.0, 0.0, 0.0, 0.0, 0.0, 0.0, 0.0, 0.0, 0.0, 0.0, 0.0], [0.0, 0.0, 0.0, 0.0, 0.0, 0.0, 0.0, 0.0, 0.0, 0.0, 0.0, 0.0, 0.0, 0.0, 0.0, 0.0, 0.0, 0.0, 0.0, 0.0, 0.0, 0.0, 0.0, 0.0, 0.0, 0.0, 0.0, 0.0, 0.0, 0.0, 40.844634686770476, 20.06888762922789, 26.485718766344174, 28.090816856114607, 24.38831273281486, 27.068647338465638, 23.400165484366696, 41.030185966748135, 12.496088039167361, 17.22477195414856, 4.359731467341347, 31.497360320928397, 46.83632337737953, 24.91576818687634, 6.802180363226862, 31.426480645366958, 30.629769806348783, 29.39620349721209, 27.903802879962466, 12.722086169092625, 0.0, 0.0, 0.0, 0.0, 0.0, 0.0, 0.0, 0.0, 0.0, 0.0, 0.0, 0.0, 0.0, 0.0, 0.0, 0.0, 0.0, 0.0, 0.0, 0.0, 0.0, 0.0, 0.0, 0.0, 0.0, 0.0, 0.0, 0.0, 0.0, 0.0], [0.0, 0.0, 0.0, 0.0, 0.0, 0.0, 0.0, 0.0, 0.0, 0.0, 0.0, 0.0, 0.0, 0.0, 0.0, 0.0, 0.0, 0.0, 0.0, 0.0, 0.0, 0.0, 0.0, 0.0, 0.0, 0.0, 0.0, 0.0, 0.0, 0.0, 40.844634686770476, 20.06888762922789, 26.485718766344174, 28.090816856114607, 24.38831273281486, 27.068647338465638, 23.400165484366696, 41.030185966748135, 12.496088039167361, 17.22477195414856, 4.359731467341347, 31.497360320928397, 46.83632337737953, 24.91576818687634, 6.802180363226862, 31.426480645366958, 30.629769806348783, 29.39620349721209, 27.903802879962466, 12.722086169092625, 0.0, 0.0, 0.0, 0.0, 0.0, 0.0, 0.0, 0.0, 0.0, 0.0, 0.0, 0.0, 0.0, 0.0, 0.0, 0.0, 0.0, 0.0, 0.0, 0.0, 0.0, 0.0, 0.0, 0.0, 0.0, 0.0, 0.0, 0.0, 0.0, 0.0], [0.0, 0.0, 0.0, 0.0, 0.0, 0.0, 0.0, 0.0, 0.0, 0.0, 0.0, 0.0, 0.0, 0.0, 0.0, 0.0, 0.0, 0.0, 0.0, 0.0, 0.0, 0.0, 0.0, 0.0, 0.0, 0.0, 0.0, 0.0, 0.0, 0.0, 40.844634686770476, 20.06888762922789, 26.485718766344174, 28.090816856114607, 24.38831273281486, 27.068647338465638, 23.400165484366696, 41.030185966748135, 12.496088039167361, 17.22477195414856, 4.359731467341347, 31.497360320928397, 46.83632337737953, 24.91576818687634, 6.802180363226862, 31.426480645366958, 30.629769806348783, 29.39620349721209, 27.903802879962466, 12.722086169092625, 0.0, 0.0, 0.0, 0.0, 0.0, 0.0, 0.0, 0.0, 0.0, 0.0, 0.0, 0.0, 0.0, 0.0, 0.0, 0.0, 0.0, 0.0, 0.0, 0.0, 0.0, 0.0, 0.0, 0.0, 0.0, 0.0, 0.0, 0.0, 0.0, 0.0], [0.0, 0.0, 0.0, 0.0, 0.0, 0.0, 0.0, 0.0, 0.0, 0.0, 0.0, 0.0, 0.0, 0.0, 0.0, 0.0, 0.0, 0.0, 0.0, 0.0, 0.0, 0.0, 0.0, 0.0, 0.0, 0.0, 0.0, 0.0, 0.0, 0.0, 40.844634686770476, 20.06888762922789, 26.485718766344174, 28.090816856114607, 24.38831273281486, 27.068647338465638, 23.400165484366696, 41.030185966748135, 12.496088039167361, 17.22477195414856, 4.359731467341347, 31.497360320928397, 46.83632337737953, 24.91576818687634, 6.802180363226862, 31.426480645366958, 30.629769806348783, 29.39620349721209, 27.903802879962466, 12.722086169092625, 0.0, 0.0, 0.0, 0.0, 0.0, 0.0, 0.0, 0.0, 0.0, 0.0, 0.0, 0.0, 0.0, 0.0, 0.0, 0.0, 0.0, 0.0, 0.0, 0.0, 0.0, 0.0, 0.0, 0.0, 0.0, 0.0, 0.0, 0.0, 0.0, 0.0], [0.0, 0.0, 0.0, 0.0, 0.0, 0.0, 0.0, 0.0, 0.0, 0.0, 0.0, 0.0, 0.0, 0.0, 0.0, 0.0, 0.0, 0.0, 0.0, 0.0, 0.0, 0.0, 0.0, 0.0, 0.0, 0.0, 0.0, 0.0, 0.0, 0.0, 40.844634686770476, 20.06888762922789, 26.485718766344174, 28.090816856114607, 24.38831273281486, 27.068647338465638, 23.400165484366696, 41.030185966748135, 12.496088039167361, 17.22477195414856, 4.359731467341347, 31.497360320928397, 46.83632337737953, 24.91576818687634, 6.802180363226862, 31.426480645366958, 30.629769806348783, 29.39620349721209, 27.903802879962466, 12.722086169092625, 0.0, 0.0, 0.0, 0.0, 0.0, 0.0, 0.0, 0.0, 0.0, 0.0, 0.0, 0.0, 0.0, 0.0, 0.0, 0.0, 0.0, 0.0, 0.0, 0.0, 0.0, 0.0, 0.0, 0.0, 0.0, 0.0, 0.0, 0.0, 0.0, 0.0], [0.0, 0.0, 0.0, 0.0, 0.0, 0.0, 0.0, 0.0, 0.0, 0.0, 0.0, 0.0, 0.0, 0.0, 0.0, 0.0, 0.0, 0.0, 0.0, 0.0, 0.0, 0.0, 0.0, 0.0, 0.0, 0.0, 0.0, 0.0, 0.0, 0.0, 40.844634686770476, 20.06888762922789, 26.485718766344174, 28.090816856114607, 24.38831273281486, 27.068647338465638, 23.400165484366696, 41.030185966748135, 12.496088039167361, 17.22477195414856, 4.359731467341347, 31.497360320928397, 46.83632337737953, 24.91576818687634, 6.802180363226862, 31.426480645366958, 30.629769806348783, 29.39620349721209, 27.903802879962466, 12.722086169092625, 0.0, 0.0, 0.0, 0.0, 0.0, 0.0, 0.0, 0.0, 0.0, 0.0, 0.0, 0.0, 0.0, 0.0, 0.0, 0.0, 0.0, 0.0, 0.0, 0.0, 0.0, 0.0, 0.0, 0.0, 0.0, 0.0, 0.0, 0.0, 0.0, 0.0], [40.844634686770476, 40.844634686770476, 40.844634686770476, 40.844634686770476, 40.844634686770476, 40.844634686770476, 40.844634686770476, 40.844634686770476, 40.844634686770476, 40.844634686770476, 40.844634686770476, 40.844634686770476, 40.844634686770476, 40.844634686770476, 40.844634686770476, 40.844634686770476, 40.844634686770476, 40.844634686770476, 40.844634686770476, 40.844634686770476, 40.844634686770476, 40.844634686770476, 40.844634686770476, 40.844634686770476, 40.844634686770476, 40.844634686770476, 40.844634686770476, 40.844634686770476, 40.844634686770476, 40.844634686770476, 0.0, 21.91061716488261, 46.553389592168564, 29.37925567452984, 36.98365129736658, 49.369073587625, 55.6514786279429, 31.822068707575035, 44.06055203465631, 42.48013747699099, 36.49747801165261, 39.16705865062126, 35.74516829837474, 23.872317601785404, 39.140497481153226, 23.910307640363314, 44.621817219674696, 47.94231589302489, 24.526077169657636, 39.089762737698365, 40.844634686770476, 40.844634686770476, 40.844634686770476, 40.844634686770476, 40.844634686770476, 40.844634686770476, 40.844634686770476, 40.844634686770476, 40.844634686770476, 40.844634686770476, 40.844634686770476, 40.844634686770476, 40.844634686770476, 40.844634686770476, 40.844634686770476, 40.844634686770476, 40.844634686770476, 40.844634686770476, 40.844634686770476, 40.844634686770476, 40.844634686770476, 40.844634686770476, 40.844634686770476, 40.844634686770476, 40.844634686770476, 40.844634686770476, 40.844634686770476, 40.844634686770476, 40.844634686770476, 40.844634686770476], [20.06888762922789, 20.06888762922789, 20.06888762922789, 20.06888762922789, 20.06888762922789, 20.06888762922789, 20.06888762922789, 20.06888762922789, 20.06888762922789, 20.06888762922789, 20.06888762922789, 20.06888762922789, 20.06888762922789, 20.06888762922789, 20.06888762922789, 20.06888762922789, 20.06888762922789, 20.06888762922789, 20.06888762922789, 20.06888762922789, 20.06888762922789, 20.06888762922789, 20.06888762922789, 20.06888762922789, 20.06888762922789, 20.06888762922789, 20.06888762922789, 20.06888762922789, 20.06888762922789, 20.06888762922789, 21.91061716488261, 0.0, 35.539568825772825, 25.04721291969356, 18.964207146499188, 37.61536733741063, 39.64393244624014, 35.43293186948474, 27.108723763134545, 28.083816910383508, 15.98172023858168, 33.64619895825854, 41.21515965094112, 8.63843649704912, 20.59601381804939, 23.964269859839703, 36.53856414881132, 37.93013196922369, 21.44990755263826, 23.20439788452686, 20.06888762922789, 20.06888762922789, 20.06888762922789, 20.06888762922789, 20.06888762922789, 20.06888762922789, 20.06888762922789, 20.06888762922789, 20.06888762922789, 20.06888762922789, 20.06888762922789, 20.06888762922789, 20.06888762922789, 20.06888762922789, 20.06888762922789, 20.06888762922789, 20.06888762922789, 20.06888762922789, 20.06888762922789, 20.06888762922789, 20.06888762922789, 20.06888762922789, 20.06888762922789, 20.06888762922789, 20.06888762922789, 20.06888762922789, 20.06888762922789, 20.06888762922789, 20.06888762922789, 20.06888762922789], [26.485718766344174, 26.485718766344174, 26.485718766344174, 26.485718766344174, 26.485718766344174, 26.485718766344174, 26.485718766344174, 26.485718766344174, 26.485718766344174, 26.485718766344174, 26.485718766344174, 26.485718766344174, 26.485718766344174, 26.485718766344174, 26.485718766344174, 26.485718766344174, 26.485718766344174, 26.485718766344174, 26.485718766344174, 26.485718766344174, 26.485718766344174, 26.485718766344174, 26.485718766344174, 26.485718766344174, 26.485718766344174, 26.485718766344174, 26.485718766344174, 26.485718766344174, 26.485718766344174, 26.485718766344174, 46.553389592168564, 35.539568825772825, 0.0, 18.11735426785384, 48.89739234788966, 3.005716238434103, 14.402342767308221, 26.328100942322724, 14.493069308804856, 9.271286945537161, 26.12354227865108, 11.47497826094358, 30.27777228322619, 43.83273414117996, 19.946371034074716, 24.390729782836143, 6.046141653831412, 2.91243829541461, 22.454915653334357, 14.248993185517413, 26.485718766344174, 26.485718766344174, 26.485718766344174, 26.485718766344174, 26.485718766344174, 26.485718766344174, 26.485718766344174, 26.485718766344174, 26.485718766344174, 26.485718766344174, 26.485718766344174, 26.485718766344174, 26.485718766344174, 26.485718766344174, 26.485718766344174, 26.485718766344174, 26.485718766344174, 26.485718766344174, 26.485718766344174, 26.485718766344174, 26.485718766344174, 26.485718766344174, 26.485718766344174, 26.485718766344174, 26.485718766344174, 26.485718766344174, 26.485718766344174, 26.485718766344174, 26.485718766344174, 26.485718766344174], [28.090816856114607, 28.090816856114607, 28.090816856114607, 28.090816856114607, 28.090816856114607, 28.090816856114607, 28.090816856114607, 28.090816856114607, 28.090816856114607, 28.090816856114607, 28.090816856114607, 28.090816856114607, 28.090816856114607, 28.090816856114607, 28.090816856114607, 28.090816856114607, 28.090816856114607, 28.090816856114607, 28.090816856114607, 28.090816856114607, 28.090816856114607, 28.090816856114607, 28.090816856114607, 28.090816856114607, 28.090816856114607, 28.090816856114607, 28.090816856114607, 28.090816856114607, 28.090816856114607, 28.090816856114607, 29.37925567452984, 25.04721291969356, 18.11735426785384, 0.0, 42.854490923114746, 21.106429687196304, 30.308708939379056, 12.940222576908479, 22.34872624589557, 17.822435387710687, 25.01464683762618, 9.932792644649405, 18.770160827656632, 33.57667564379939, 22.10245482784702, 6.278548438076957, 15.28219219708415, 18.953123959768853, 4.907021483428829, 17.739846600664666, 28.090816856114607, 28.090816856114607, 28.090816856114607, 28.090816856114607, 28.090816856114607, 28.090816856114607, 28.090816856114607, 28.090816856114607, 28.090816856114607, 28.090816856114607, 28.090816856114607, 28.090816856114607, 28.090816856114607, 28.090816856114607, 28.090816856114607, 28.090816856114607, 28.090816856114607, 28.090816856114607, 28.090816856114607, 28.090816856114607, 28.090816856114607, 28.090816856114607, 28.090816856114607, 28.090816856114607, 28.090816856114607, 28.090816856114607, 28.090816856114607, 28.090816856114607, 28.090816856114607, 28.090816856114607], [24.38831273281486, 24.38831273281486, 24.38831273281486, 24.38831273281486, 24.38831273281486, 24.38831273281486, 24.38831273281486, 24.38831273281486, 24.38831273281486, 24.38831273281486, 24.38831273281486, 24.38831273281486, 24.38831273281486, 24.38831273281486, 24.38831273281486, 24.38831273281486, 24.38831273281486, 24.38831273281486, 24.38831273281486, 24.38831273281486, 24.38831273281486, 24.38831273281486, 24.38831273281486, 24.38831273281486, 24.38831273281486, 24.38831273281486, 24.38831273281486, 24.38831273281486, 24.38831273281486, 24.38831273281486, 36.98365129736658, 18.964207146499188, 48.89739234788966, 42.854490923114746, 0.0, 50.16550906760564, 47.787459975769714, 54.139675071108016, 36.376261376238894, 39.92618743831866, 23.067520452987566, 50.18611152177226, 60.0, 13.157683998125284, 29.529864785557635, 42.692993671856435, 51.59001465062701, 51.6814407988783, 39.89982784435788, 34.727294173986394, 24.38831273281486, 24.38831273281486, 24.38831273281486, 24.38831273281486, 24.38831273281486, 24.38831273281486, 24.38831273281486, 24.38831273281486, 24.38831273281486, 24.38831273281486, 24.38831273281486, 24.38831273281486, 24.38831273281486, 24.38831273281486, 24.38831273281486, 24.38831273281486, 24.38831273281486, 24.38831273281486, 24.38831273281486, 24.38831273281486, 24.38831273281486, 24.38831273281486, 24.38831273281486, 24.38831273281486, 24.38831273281486, 24.38831273281486, 24.38831273281486, 24.38831273281486, 24.38831273281486, 24.38831273281486], [27.068647338465638, 27.068647338465638, 27.068647338465638, 27.068647338465638, 27.068647338465638, 27.068647338465638, 27.068647338465638, 27.068647338465638, 27.068647338465638, 27.068647338465638, 27.068647338465638, 27.068647338465638, 27.068647338465638, 27.068647338465638, 27.068647338465638, 27.068647338465638, 27.068647338465638, 27.068647338465638, 27.068647338465638, 27.068647338465638, 27.068647338465638, 27.068647338465638, 27.068647338465638, 27.068647338465638, 27.068647338465638, 27.068647338465638, 27.068647338465638, 27.068647338465638, 27.068647338465638, 27.068647338465638, 49.369073587625, 37.61536733741063, 3.005716238434103, 21.106429687196304, 50.16550906760564, 0.0, 12.11066683641126, 29.171301177107452, 14.684288239562669, 10.239740710823048, 27.178184469326457, 14.287375721632436, 32.93809759616114, 45.762003769667366, 20.813672952875752, 27.38265983819449, 8.39790264106167, 3.968362698245859, 25.392249407287096, 15.457910817369848, 27.068647338465638, 27.068647338465638, 27.068647338465638, 27.068647338465638, 27.068647338465638, 27.068647338465638, 27.068647338465638, 27.068647338465638, 27.068647338465638, 27.068647338465638, 27.068647338465638, 27.068647338465638, 27.068647338465638, 27.068647338465638, 27.068647338465638, 27.068647338465638, 27.068647338465638, 27.068647338465638, 27.068647338465638, 27.068647338465638, 27.068647338465638, 27.068647338465638, 27.068647338465638, 27.068647338465638, 27.068647338465638, 27.068647338465638, 27.068647338465638, 27.068647338465638, 27.068647338465638, 27.068647338465638], [23.400165484366696, 23.400165484366696, 23.400165484366696, 23.400165484366696, 23.400165484366696, 23.400165484366696, 23.400165484366696, 23.400165484366696, 23.400165484366696, 23.400165484366696, 23.400165484366696, 23.400165484366696, 23.400165484366696, 23.400165484366696, 23.400165484366696, 23.400165484366696, 23.400165484366696, 23.400165484366696, 23.400165484366696, 23.400165484366696, 23.400165484366696, 23.400165484366696, 23.400165484366696, 23.400165484366696, 23.400165484366696, 23.400165484366696, 23.400165484366696, 23.400165484366696, 23.400165484366696, 23.400165484366696, 55.6514786279429, 39.64393244624014, 14.402342767308221, 30.308708939379056, 47.787459975769714, 12.11066683641126, 0.0, 40.3536061515056, 12.54161252294113, 13.264237989079428, 25.444157335783125, 25.71017543787619, 44.60207673972765, 46.6511309310661, 19.371242270609937, 36.38181909890989, 20.37837335373325, 16.076878057682144, 33.66469565085678, 16.842822460213327, 23.400165484366696, 23.400165484366696, 23.400165484366696, 23.400165484366696, 23.400165484366696, 23.400165484366696, 23.400165484366696, 23.400165484366696, 23.400165484366696, 23.400165484366696, 23.400165484366696, 23.400165484366696, 23.400165484366696, 23.400165484366696, 23.400165484366696, 23.400165484366696, 23.400165484366696, 23.400165484366696, 23.400165484366696, 23.400165484366696, 23.400165484366696, 23.400165484366696, 23.400165484366696, 23.400165484366696, 23.400165484366696, 23.400165484366696, 23.400165484366696, 23.400165484366696, 23.400165484366696, 23.400165484366696], [41.030185966748135, 41.030185966748135, 41.030185966748135, 41.030185966748135, 41.030185966748135, 41.030185966748135, 41.030185966748135, 41.030185966748135, 41.030185966748135, 41.030185966748135, 41.030185966748135, 41.030185966748135, 41.030185966748135, 41.030185966748135, 41.030185966748135, 41.030185966748135, 41.030185966748135, 41.030185966748135, 41.030185966748135, 41.030185966748135, 41.030185966748135, 41.030185966748135, 41.030185966748135, 41.030185966748135, 41.030185966748135, 41.030185966748135, 41.030185966748135, 41.030185966748135, 41.030185966748135, 41.030185966748135, 31.822068707575035, 35.43293186948474, 26.328100942322724, 12.940222576908479, 54.139675071108016, 29.171301177107452, 40.3536061515056, 0.0, 34.52511494785033, 29.35926678333277, 37.88229092205702, 14.88487741477963, 5.961968867196773, 43.39225431316987, 34.98807564192404, 11.470343389968484, 21.103546468319315, 25.770676334434555, 14.34203006388748, 30.300250060074806, 41.030185966748135, 41.030185966748135, 41.030185966748135, 41.030185966748135, 41.030185966748135, 41.030185966748135, 41.030185966748135, 41.030185966748135, 41.030185966748135, 41.030185966748135, 41.030185966748135, 41.030185966748135, 41.030185966748135, 41.030185966748135, 41.030185966748135, 41.030185966748135, 41.030185966748135, 41.030185966748135, 41.030185966748135, 41.030185966748135, 41.030185966748135, 41.030185966748135, 41.030185966748135, 41.030185966748135, 41.030185966748135, 41.030185966748135, 41.030185966748135, 41.030185966748135, 41.030185966748135, 41.030185966748135], [12.496088039167361, 12.496088039167361, 12.496088039167361, 12.496088039167361, 12.496088039167361, 12.496088039167361, 12.496088039167361, 12.496088039167361, 12.496088039167361, 12.496088039167361, 12.496088039167361, 12.496088039167361, 12.496088039167361, 12.496088039167361, 12.496088039167361, 12.496088039167361, 12.496088039167361, 12.496088039167361, 12.496088039167361, 12.496088039167361, 12.496088039167361, 12.496088039167361, 12.496088039167361, 12.496088039167361, 12.496088039167361, 12.496088039167361, 12.496088039167361, 12.496088039167361, 12.496088039167361, 12.496088039167361, 44.06055203465631, 27.108723763134545, 14.493069308804856, 22.34872624589557, 36.376261376238894, 14.684288239562669, 12.54161252294113, 34.52511494785033, 0.0, 5.796610961468481, 13.41040765932371, 22.013430317108853, 39.78469822683793, 34.18059708011019, 7.022242567003211, 27.590619513859714, 19.462324116718477, 17.381470467488683, 24.34641385327904, 5.13513209203304, 12.496088039167361, 12.496088039167361, 12.496088039167361, 12.496088039167361, 12.496088039167361, 12.496088039167361, 12.496088039167361, 12.496088039167361, 12.496088039167361, 12.496088039167361, 12.496088039167361, 12.496088039167361, 12.496088039167361, 12.496088039167361, 12.496088039167361, 12.496088039167361, 12.496088039167361, 12.496088039167361, 12.496088039167361, 12.496088039167361, 12.496088039167361, 12.496088039167361, 12.496088039167361, 12.496088039167361, 12.496088039167361, 12.496088039167361, 12.496088039167361, 12.496088039167361, 12.496088039167361, 12.496088039167361], [17.22477195414856, 17.22477195414856, 17.22477195414856, 17.22477195414856, 17.22477195414856, 17.22477195414856, 17.22477195414856, 17.22477195414856, 17.22477195414856, 17.22477195414856, 17.22477195414856, 17.22477195414856, 17.22477195414856, 17.22477195414856, 17.22477195414856, 17.22477195414856, 17.22477195414856, 17.22477195414856, 17.22477195414856, 17.22477195414856, 17.22477195414856, 17.22477195414856, 17.22477195414856, 17.22477195414856, 17.22477195414856, 17.22477195414856, 17.22477195414856, 17.22477195414856, 17.22477195414856, 17.22477195414856, 42.48013747699099, 28.083816910383508, 9.271286945537161, 17.822435387710687, 39.92618743831866, 10.239740710823048, 13.264237989079428, 29.35926678333277, 5.796610961468481, 0.0, 16.968105918257102, 16.291103078885456, 34.40960016205635, 35.934658375537886, 10.691391451422023, 23.582512964635704, 13.754480675817392, 12.177212207666479, 20.639493172670367, 5.235596724592027, 17.22477195414856, 17.22477195414856, 17.22477195414856, 17.22477195414856, 17.22477195414856, 17.22477195414856, 17.22477195414856, 17.22477195414856, 17.22477195414856, 17.22477195414856, 17.22477195414856, 17.22477195414856, 17.22477195414856, 17.22477195414856, 17.22477195414856, 17.22477195414856, 17.22477195414856, 17.22477195414856, 17.22477195414856, 17.22477195414856, 17.22477195414856, 17.22477195414856, 17.22477195414856, 17.22477195414856, 17.22477195414856, 17.22477195414856, 17.22477195414856, 17.22477195414856, 17.22477195414856, 17.22477195414856], [4.359731467341347, 4.359731467341347, 4.359731467341347, 4.359731467341347, 4.359731467341347, 4.359731467341347, 4.359731467341347, 4.359731467341347, 4.359731467341347, 4.359731467341347, 4.359731467341347, 4.359731467341347, 4.359731467341347, 4.359731467341347, 4.359731467341347, 4.359731467341347, 4.359731467341347, 4.359731467341347, 4.359731467341347, 4.359731467341347, 4.359731467341347, 4.359731467341347, 4.359731467341347, 4.359731467341347, 4.359731467341347, 4.359731467341347, 4.359731467341347, 4.359731467341347, 4.359731467341347, 4.359731467341347, 36.49747801165261, 15.98172023858168, 26.12354227865108, 25.01464683762618, 23.067520452987566, 27.178184469326457, 25.444157335783125, 37.88229092205702, 13.41040765932371, 16.968105918257102, 0.0, 29.554418432394407, 43.771183608684524, 21.566488191369366, 6.466854694268551, 27.807539399410466, 29.54832883106006, 28.981622008196744, 24.308759576063718, 11.877639653792793, 4.359731467341347, 4.359731467341347, 4.359731467341347, 4.359731467341347, 4.359731467341347, 4.359731467341347, 4.359731467341347, 4.359731467341347, 4.359731467341347, 4.359731467341347, 4.359731467341347, 4.359731467341347, 4.359731467341347, 4.359731467341347, 4.359731467341347, 4.359731467341347, 4.359731467341347, 4.359731467341347, 4.359731467341347, 4.359731467341347, 4.359731467341347, 4.359731467341347, 4.359731467341347, 4.359731467341347, 4.359731467341347, 4.359731467341347, 4.359731467341347, 4.359731467341347, 4.359731467341347, 4.359731467341347], [31.497360320928397, 31.497360320928397, 31.497360320928397, 31.497360320928397, 31.497360320928397, 31.497360320928397, 31.497360320928397, 31.497360320928397, 31.497360320928397, 31.497360320928397, 31.497360320928397, 31.497360320928397, 31.497360320928397, 31.497360320928397, 31.497360320928397, 31.497360320928397, 31.497360320928397, 31.497360320928397, 31.497360320928397, 31.497360320928397, 31.497360320928397, 31.497360320928397, 31.497360320928397, 31.497360320928397, 31.497360320928397, 31.497360320928397, 31.497360320928397, 31.497360320928397, 31.497360320928397, 31.497360320928397, 39.16705865062126, 33.64619895825854, 11.47497826094358, 9.932792644649405, 50.18611152177226, 14.287375721632436, 25.71017543787619, 14.88487741477963, 22.013430317108853, 16.291103078885456, 29.554418432394407, 0.0, 18.89939252338209, 42.28406830153111, 24.755739577065807, 15.392111503004736, 6.403007516729028, 10.963879746210932, 14.833419186889623, 19.039639283904886, 31.497360320928397, 31.497360320928397, 31.497360320928397, 31.497360320928397, 31.497360320928397, 31.497360320928397, 31.497360320928397, 31.497360320928397, 31.497360320928397, 31.497360320928397, 31.497360320928397, 31.497360320928397, 31.497360320928397, 31.497360320928397, 31.497360320928397, 31.497360320928397, 31.497360320928397, 31.497360320928397, 31.497360320928397, 31.497360320928397, 31.497360320928397, 31.497360320928397, 31.497360320928397, 31.497360320928397, 31.497360320928397, 31.497360320928397, 31.497360320928397, 31.497360320928397, 31.497360320928397, 31.497360320928397], [46.83632337737953, 46.83632337737953, 46.83632337737953, 46.83632337737953, 46.83632337737953, 46.83632337737953, 46.83632337737953, 46.83632337737953, 46.83632337737953, 46.83632337737953, 46.83632337737953, 46.83632337737953, 46.83632337737953, 46.83632337737953, 46.83632337737953, 46.83632337737953, 46.83632337737953, 46.83632337737953, 46.83632337737953, 46.83632337737953, 46.83632337737953, 46.83632337737953, 46.83632337737953, 46.83632337737953, 46.83632337737953, 46.83632337737953, 46.83632337737953, 46.83632337737953, 46.83632337737953, 46.83632337737953, 35.74516829837474, 41.21515965094112, 30.27777228322619, 18.770160827656632, 60.0, 32.93809759616114, 44.60207673972765, 5.961968867196773, 39.78469822683793, 34.40960016205635, 43.771183608684524, 18.89939252338209, 0.0, 49.03258818907847, 40.67825800482413, 17.308141621660894, 24.58466772917494, 29.25147347503227, 20.28605486928586, 35.78617001909705, 46.83632337737953, 46.83632337737953, 46.83632337737953, 46.83632337737953, 46.83632337737953, 46.83632337737953, 46.83632337737953, 46.83632337737953, 46.83632337737953, 46.83632337737953, 46.83632337737953, 46.83632337737953, 46.83632337737953, 46.83632337737953, 46.83632337737953, 46.83632337737953, 46.83632337737953, 46.83632337737953, 46.83632337737953, 46.83632337737953, 46.83632337737953, 46.83632337737953, 46.83632337737953, 46.83632337737953, 46.83632337737953, 46.83632337737953, 46.83632337737953, 46.83632337737953, 46.83632337737953, 46.83632337737953], [24.91576818687634, 24.91576818687634, 24.91576818687634, 24.91576818687634, 24.91576818687634, 24.91576818687634, 24.91576818687634, 24.91576818687634, 24.91576818687634, 24.91576818687634, 24.91576818687634, 24.91576818687634, 24.91576818687634, 24.91576818687634, 24.91576818687634, 24.91576818687634, 24.91576818687634, 24.91576818687634, 24.91576818687634, 24.91576818687634, 24.91576818687634, 24.91576818687634, 24.91576818687634, 24.91576818687634, 24.91576818687634, 24.91576818687634, 24.91576818687634, 24.91576818687634, 24.91576818687634, 24.91576818687634, 23.872317601785404, 8.63843649704912, 43.83273414117996, 33.57667564379939, 13.157683998125284, 45.762003769667366, 46.6511309310661, 43.39225431316987, 34.18059708011019, 35.934658375537886, 21.566488191369366, 42.28406830153111, 49.03258818907847, 0.0, 27.283009908143175, 31.999291191541793, 45.09820995437732, 46.3118072000527, 29.757369011681924, 30.849192924266536, 24.91576818687634, 24.91576818687634, 24.91576818687634, 24.91576818687634, 24.91576818687634, 24.91576818687634, 24.91576818687634, 24.91576818687634, 24.91576818687634, 24.91576818687634, 24.91576818687634, 24.91576818687634, 24.91576818687634, 24.91576818687634, 24.91576818687634, 24.91576818687634, 24.91576818687634, 24.91576818687634, 24.91576818687634, 24.91576818687634, 24.91576818687634, 24.91576818687634, 24.91576818687634, 24.91576818687634, 24.91576818687634, 24.91576818687634, 24.91576818687634, 24.91576818687634, 24.91576818687634, 24.91576818687634], [6.802180363226862, 6.802180363226862, 6.802180363226862, 6.802180363226862, 6.802180363226862, 6.802180363226862, 6.802180363226862, 6.802180363226862, 6.802180363226862, 6.802180363226862, 6.802180363226862, 6.802180363226862, 6.802180363226862, 6.802180363226862, 6.802180363226862, 6.802180363226862, 6.802180363226862, 6.802180363226862, 6.802180363226862, 6.802180363226862, 6.802180363226862, 6.802180363226862, 6.802180363226862, 6.802180363226862, 6.802180363226862, 6.802180363226862, 6.802180363226862, 6.802180363226862, 6.802180363226862, 6.802180363226862, 39.140497481153226, 20.59601381804939, 19.946371034074716, 22.10245482784702, 29.529864785557635, 20.813672952875752, 19.371242270609937, 34.98807564192404, 7.022242567003211, 10.691391451422023, 6.466854694268551, 24.755739577065807, 40.67825800482413, 27.283009908143175, 0.0, 26.15503126141897, 23.860112537864158, 22.840500611075285, 22.65935686430245, 5.931481059136267, 6.802180363226862, 6.802180363226862, 6.802180363226862, 6.802180363226862, 6.802180363226862, 6.802180363226862, 6.802180363226862, 6.802180363226862, 6.802180363226862, 6.802180363226862, 6.802180363226862, 6.802180363226862, 6.802180363226862, 6.802180363226862, 6.802180363226862, 6.802180363226862, 6.802180363226862, 6.802180363226862, 6.802180363226862, 6.802180363226862, 6.802180363226862, 6.802180363226862, 6.802180363226862, 6.802180363226862, 6.802180363226862, 6.802180363226862, 6.802180363226862, 6.802180363226862, 6.802180363226862, 6.802180363226862], [31.426480645366958, 31.426480645366958, 31.426480645366958, 31.426480645366958, 31.426480645366958, 31.426480645366958, 31.426480645366958, 31.426480645366958, 31.426480645366958, 31.426480645366958, 31.426480645366958, 31.426480645366958, 31.426480645366958, 31.426480645366958, 31.426480645366958, 31.426480645366958, 31.426480645366958, 31.426480645366958, 31.426480645366958, 31.426480645366958, 31.426480645366958, 31.426480645366958, 31.426480645366958, 31.426480645366958, 31.426480645366958, 31.426480645366958, 31.426480645366958, 31.426480645366958, 31.426480645366958, 31.426480645366958, 23.910307640363314, 23.964269859839703, 24.390729782836143, 6.278548438076957, 42.692993671856435, 27.38265983819449, 36.38181909890989, 11.470343389968484, 27.590619513859714, 23.582512964635704, 27.807539399410466, 15.392111503004736, 17.308141621660894, 31.999291191541793, 26.15503126141897, 0.0, 21.25837095174164, 25.139536072204884, 3.5245693907553197, 22.672689929047195, 31.426480645366958, 31.426480645366958, 31.426480645366958, 31.426480645366958, 31.426480645366958, 31.426480645366958, 31.426480645366958, 31.426480645366958, 31.426480645366958, 31.426480645366958, 31.426480645366958, 31.426480645366958, 31.426480645366958, 31.426480645366958, 31.426480645366958, 31.426480645366958, 31.426480645366958, 31.426480645366958, 31.426480645366958, 31.426480645366958, 31.426480645366958, 31.426480645366958, 31.426480645366958, 31.426480645366958, 31.426480645366958, 31.426480645366958, 31.426480645366958, 31.426480645366958, 31.426480645366958, 31.426480645366958], [30.629769806348783, 30.629769806348783, 30.629769806348783, 30.629769806348783, 30.629769806348783, 30.629769806348783, 30.629769806348783, 30.629769806348783, 30.629769806348783, 30.629769806348783, 30.629769806348783, 30.629769806348783, 30.629769806348783, 30.629769806348783, 30.629769806348783, 30.629769806348783, 30.629769806348783, 30.629769806348783, 30.629769806348783, 30.629769806348783, 30.629769806348783, 30.629769806348783, 30.629769806348783, 30.629769806348783, 30.629769806348783, 30.629769806348783, 30.629769806348783, 30.629769806348783, 30.629769806348783, 30.629769806348783, 44.621817219674696, 36.53856414881132, 6.046141653831412, 15.28219219708415, 51.59001465062701, 8.39790264106167, 20.37837335373325, 21.103546468319315, 19.462324116718477, 13.754480675817392, 29.54832883106006, 6.403007516729028, 24.58466772917494, 45.09820995437732, 23.860112537864158, 21.25837095174164, 0.0, 4.688977832786435, 20.096049583615656, 17.93117711693751, 30.629769806348783, 30.629769806348783, 30.629769806348783, 30.629769806348783, 30.629769806348783, 30.629769806348783, 30.629769806348783, 30.629769806348783, 30.629769806348783, 30.629769806348783, 30.629769806348783, 30.629769806348783, 30.629769806348783, 30.629769806348783, 30.629769806348783, 30.629769806348783, 30.629769806348783, 30.629769806348783, 30.629769806348783, 30.629769806348783, 30.629769806348783, 30.629769806348783, 30.629769806348783, 30.629769806348783, 30.629769806348783, 30.629769806348783, 30.629769806348783, 30.629769806348783, 30.629769806348783, 30.629769806348783], [29.39620349721209, 29.39620349721209, 29.39620349721209, 29.39620349721209, 29.39620349721209, 29.39620349721209, 29.39620349721209, 29.39620349721209, 29.39620349721209, 29.39620349721209, 29.39620349721209, 29.39620349721209, 29.39620349721209, 29.39620349721209, 29.39620349721209, 29.39620349721209, 29.39620349721209, 29.39620349721209, 29.39620349721209, 29.39620349721209, 29.39620349721209, 29.39620349721209, 29.39620349721209, 29.39620349721209, 29.39620349721209, 29.39620349721209, 29.39620349721209, 29.39620349721209, 29.39620349721209, 29.39620349721209, 47.94231589302489, 37.93013196922369, 2.91243829541461, 18.953123959768853, 51.6814407988783, 3.968362698245859, 16.076878057682144, 25.770676334434555, 17.381470467488683, 12.177212207666479, 28.981622008196744, 10.963879746210932, 29.25147347503227, 46.3118072000527, 22.840500611075285, 25.139536072204884, 4.688977832786435, 0.0, 23.556852043842554, 17.10410618063925, 29.39620349721209, 29.39620349721209, 29.39620349721209, 29.39620349721209, 29.39620349721209, 29.39620349721209, 29.39620349721209, 29.39620349721209, 29.39620349721209, 29.39620349721209, 29.39620349721209, 29.39620349721209, 29.39620349721209, 29.39620349721209, 29.39620349721209, 29.39620349721209, 29.39620349721209, 29.39620349721209, 29.39620349721209, 29.39620349721209, 29.39620349721209, 29.39620349721209, 29.39620349721209, 29.39620349721209, 29.39620349721209, 29.39620349721209, 29.39620349721209, 29.39620349721209, 29.39620349721209, 29.39620349721209], [27.903802879962466, 27.903802879962466, 27.903802879962466, 27.903802879962466, 27.903802879962466, 27.903802879962466, 27.903802879962466, 27.903802879962466, 27.903802879962466, 27.903802879962466, 27.903802879962466, 27.903802879962466, 27.903802879962466, 27.903802879962466, 27.903802879962466, 27.903802879962466, 27.903802879962466, 27.903802879962466, 27.903802879962466, 27.903802879962466, 27.903802879962466, 27.903802879962466, 27.903802879962466, 27.903802879962466, 27.903802879962466, 27.903802879962466, 27.903802879962466, 27.903802879962466, 27.903802879962466, 27.903802879962466, 24.526077169657636, 21.44990755263826, 22.454915653334357, 4.907021483428829, 39.89982784435788, 25.392249407287096, 33.66469565085678, 14.34203006388748, 24.34641385327904, 20.639493172670367, 24.308759576063718, 14.833419186889623, 20.28605486928586, 29.757369011681924, 22.65935686430245, 3.5245693907553197, 20.096049583615656, 23.556852043842554, 0.0, 19.354576218332955, 27.903802879962466, 27.903802879962466, 27.903802879962466, 27.903802879962466, 27.903802879962466, 27.903802879962466, 27.903802879962466, 27.903802879962466, 27.903802879962466, 27.903802879962466, 27.903802879962466, 27.903802879962466, 27.903802879962466, 27.903802879962466, 27.903802879962466, 27.903802879962466, 27.903802879962466, 27.903802879962466, 27.903802879962466, 27.903802879962466, 27.903802879962466, 27.903802879962466, 27.903802879962466, 27.903802879962466, 27.903802879962466, 27.903802879962466, 27.903802879962466, 27.903802879962466, 27.903802879962466, 27.903802879962466], [12.722086169092625, 12.722086169092625, 12.722086169092625, 12.722086169092625, 12.722086169092625, 12.722086169092625, 12.722086169092625, 12.722086169092625, 12.722086169092625, 12.722086169092625, 12.722086169092625, 12.722086169092625, 12.722086169092625, 12.722086169092625, 12.722086169092625, 12.722086169092625, 12.722086169092625, 12.722086169092625, 12.722086169092625, 12.722086169092625, 12.722086169092625, 12.722086169092625, 12.722086169092625, 12.722086169092625, 12.722086169092625, 12.722086169092625, 12.722086169092625, 12.722086169092625, 12.722086169092625, 12.722086169092625, 39.089762737698365, 23.20439788452686, 14.248993185517413, 17.739846600664666, 34.727294173986394, 15.457910817369848, 16.842822460213327, 30.300250060074806, 5.13513209203304, 5.235596724592027, 11.877639653792793, 19.039639283904886, 35.78617001909705, 30.849192924266536, 5.931481059136267, 22.672689929047195, 17.93117711693751, 17.10410618063925, 19.354576218332955, 0.0, 12.722086169092625, 12.722086169092625, 12.722086169092625, 12.722086169092625, 12.722086169092625, 12.722086169092625, 12.722086169092625, 12.722086169092625, 12.722086169092625, 12.722086169092625, 12.722086169092625, 12.722086169092625, 12.722086169092625, 12.722086169092625, 12.722086169092625, 12.722086169092625, 12.722086169092625, 12.722086169092625, 12.722086169092625, 12.722086169092625, 12.722086169092625, 12.722086169092625, 12.722086169092625, 12.722086169092625, 12.722086169092625, 12.722086169092625, 12.722086169092625, 12.722086169092625, 12.722086169092625, 12.722086169092625], [0.0, 0.0, 0.0, 0.0, 0.0, 0.0, 0.0, 0.0, 0.0, 0.0, 0.0, 0.0, 0.0, 0.0, 0.0, 0.0, 0.0, 0.0, 0.0, 0.0, 0.0, 0.0, 0.0, 0.0, 0.0, 0.0, 0.0, 0.0, 0.0, 0.0, 40.844634686770476, 20.06888762922789, 26.485718766344174, 28.090816856114607, 24.38831273281486, 27.068647338465638, 23.400165484366696, 41.030185966748135, 12.496088039167361, 17.22477195414856, 4.359731467341347, 31.497360320928397, 46.83632337737953, 24.91576818687634, 6.802180363226862, 31.426480645366958, 30.629769806348783, 29.39620349721209, 27.903802879962466, 12.722086169092625, 0.0, 0.0, 0.0, 0.0, 0.0, 0.0, 0.0, 0.0, 0.0, 0.0, 0.0, 0.0, 0.0, 0.0, 0.0, 0.0, 0.0, 0.0, 0.0, 0.0, 0.0, 0.0, 0.0, 0.0, 0.0, 0.0, 0.0, 0.0, 0.0, 0.0], [0.0, 0.0, 0.0, 0.0, 0.0, 0.0, 0.0, 0.0, 0.0, 0.0, 0.0, 0.0, 0.0, 0.0, 0.0, 0.0, 0.0, 0.0, 0.0, 0.0, 0.0, 0.0, 0.0, 0.0, 0.0, 0.0, 0.0, 0.0, 0.0, 0.0, 40.844634686770476, 20.06888762922789, 26.485718766344174, 28.090816856114607, 24.38831273281486, 27.068647338465638, 23.400165484366696, 41.030185966748135, 12.496088039167361, 17.22477195414856, 4.359731467341347, 31.497360320928397, 46.83632337737953, 24.91576818687634, 6.802180363226862, 31.426480645366958, 30.629769806348783, 29.39620349721209, 27.903802879962466, 12.722086169092625, 0.0, 0.0, 0.0, 0.0, 0.0, 0.0, 0.0, 0.0, 0.0, 0.0, 0.0, 0.0, 0.0, 0.0, 0.0, 0.0, 0.0, 0.0, 0.0, 0.0, 0.0, 0.0, 0.0, 0.0, 0.0, 0.0, 0.0, 0.0, 0.0, 0.0], [0.0, 0.0, 0.0, 0.0, 0.0, 0.0, 0.0, 0.0, 0.0, 0.0, 0.0, 0.0, 0.0, 0.0, 0.0, 0.0, 0.0, 0.0, 0.0, 0.0, 0.0, 0.0, 0.0, 0.0, 0.0, 0.0, 0.0, 0.0, 0.0, 0.0, 40.844634686770476, 20.06888762922789, 26.485718766344174, 28.090816856114607, 24.38831273281486, 27.068647338465638, 23.400165484366696, 41.030185966748135, 12.496088039167361, 17.22477195414856, 4.359731467341347, 31.497360320928397, 46.83632337737953, 24.91576818687634, 6.802180363226862, 31.426480645366958, 30.629769806348783, 29.39620349721209, 27.903802879962466, 12.722086169092625, 0.0, 0.0, 0.0, 0.0, 0.0, 0.0, 0.0, 0.0, 0.0, 0.0, 0.0, 0.0, 0.0, 0.0, 0.0, 0.0, 0.0, 0.0, 0.0, 0.0, 0.0, 0.0, 0.0, 0.0, 0.0, 0.0, 0.0, 0.0, 0.0, 0.0], [0.0, 0.0, 0.0, 0.0, 0.0, 0.0, 0.0, 0.0, 0.0, 0.0, 0.0, 0.0, 0.0, 0.0, 0.0, 0.0, 0.0, 0.0, 0.0, 0.0, 0.0, 0.0, 0.0, 0.0, 0.0, 0.0, 0.0, 0.0, 0.0, 0.0, 40.844634686770476, 20.06888762922789, 26.485718766344174, 28.090816856114607, 24.38831273281486, 27.068647338465638, 23.400165484366696, 41.030185966748135, 12.496088039167361, 17.22477195414856, 4.359731467341347, 31.497360320928397, 46.83632337737953, 24.91576818687634, 6.802180363226862, 31.426480645366958, 30.629769806348783, 29.39620349721209, 27.903802879962466, 12.722086169092625, 0.0, 0.0, 0.0, 0.0, 0.0, 0.0, 0.0, 0.0, 0.0, 0.0, 0.0, 0.0, 0.0, 0.0, 0.0, 0.0, 0.0, 0.0, 0.0, 0.0, 0.0, 0.0, 0.0, 0.0, 0.0, 0.0, 0.0, 0.0, 0.0, 0.0], [0.0, 0.0, 0.0, 0.0, 0.0, 0.0, 0.0, 0.0, 0.0, 0.0, 0.0, 0.0, 0.0, 0.0, 0.0, 0.0, 0.0, 0.0, 0.0, 0.0, 0.0, 0.0, 0.0, 0.0, 0.0, 0.0, 0.0, 0.0, 0.0, 0.0, 40.844634686770476, 20.06888762922789, 26.485718766344174, 28.090816856114607, 24.38831273281486, 27.068647338465638, 23.400165484366696, 41.030185966748135, 12.496088039167361, 17.22477195414856, 4.359731467341347, 31.497360320928397, 46.83632337737953, 24.91576818687634, 6.802180363226862, 31.426480645366958, 30.629769806348783, 29.39620349721209, 27.903802879962466, 12.722086169092625, 0.0, 0.0, 0.0, 0.0, 0.0, 0.0, 0.0, 0.0, 0.0, 0.0, 0.0, 0.0, 0.0, 0.0, 0.0, 0.0, 0.0, 0.0, 0.0, 0.0, 0.0, 0.0, 0.0, 0.0, 0.0, 0.0, 0.0, 0.0, 0.0, 0.0], [0.0, 0.0, 0.0, 0.0, 0.0, 0.0, 0.0, 0.0, 0.0, 0.0, 0.0, 0.0, 0.0, 0.0, 0.0, 0.0, 0.0, 0.0, 0.0, 0.0, 0.0, 0.0, 0.0, 0.0, 0.0, 0.0, 0.0, 0.0, 0.0, 0.0, 40.844634686770476, 20.06888762922789, 26.485718766344174, 28.090816856114607, 24.38831273281486, 27.068647338465638, 23.400165484366696, 41.030185966748135, 12.496088039167361, 17.22477195414856, 4.359731467341347, 31.497360320928397, 46.83632337737953, 24.91576818687634, 6.802180363226862, 31.426480645366958, 30.629769806348783, 29.39620349721209, 27.903802879962466, 12.722086169092625, 0.0, 0.0, 0.0, 0.0, 0.0, 0.0, 0.0, 0.0, 0.0, 0.0, 0.0, 0.0, 0.0, 0.0, 0.0, 0.0, 0.0, 0.0, 0.0, 0.0, 0.0, 0.0, 0.0, 0.0, 0.0, 0.0, 0.0, 0.0, 0.0, 0.0], [0.0, 0.0, 0.0, 0.0, 0.0, 0.0, 0.0, 0.0, 0.0, 0.0, 0.0, 0.0, 0.0, 0.0, 0.0, 0.0, 0.0, 0.0, 0.0, 0.0, 0.0, 0.0, 0.0, 0.0, 0.0, 0.0, 0.0, 0.0, 0.0, 0.0, 40.844634686770476, 20.06888762922789, 26.485718766344174, 28.090816856114607, 24.38831273281486, 27.068647338465638, 23.400165484366696, 41.030185966748135, 12.496088039167361, 17.22477195414856, 4.359731467341347, 31.497360320928397, 46.83632337737953, 24.91576818687634, 6.802180363226862, 31.426480645366958, 30.629769806348783, 29.39620349721209, 27.903802879962466, 12.722086169092625, 0.0, 0.0, 0.0, 0.0, 0.0, 0.0, 0.0, 0.0, 0.0, 0.0, 0.0, 0.0, 0.0, 0.0, 0.0, 0.0, 0.0, 0.0, 0.0, 0.0, 0.0, 0.0, 0.0, 0.0, 0.0, 0.0, 0.0, 0.0, 0.0, 0.0], [0.0, 0.0, 0.0, 0.0, 0.0, 0.0, 0.0, 0.0, 0.0, 0.0, 0.0, 0.0, 0.0, 0.0, 0.0, 0.0, 0.0, 0.0, 0.0, 0.0, 0.0, 0.0, 0.0, 0.0, 0.0, 0.0, 0.0, 0.0, 0.0, 0.0, 40.844634686770476, 20.06888762922789, 26.485718766344174, 28.090816856114607, 24.38831273281486, 27.068647338465638, 23.400165484366696, 41.030185966748135, 12.496088039167361, 17.22477195414856, 4.359731467341347, 31.497360320928397, 46.83632337737953, 24.91576818687634, 6.802180363226862, 31.426480645366958, 30.629769806348783, 29.39620349721209, 27.903802879962466, 12.722086169092625, 0.0, 0.0, 0.0, 0.0, 0.0, 0.0, 0.0, 0.0, 0.0, 0.0, 0.0, 0.0, 0.0, 0.0, 0.0, 0.0, 0.0, 0.0, 0.0, 0.0, 0.0, 0.0, 0.0, 0.0, 0.0, 0.0, 0.0, 0.0, 0.0, 0.0], [0.0, 0.0, 0.0, 0.0, 0.0, 0.0, 0.0, 0.0, 0.0, 0.0, 0.0, 0.0, 0.0, 0.0, 0.0, 0.0, 0.0, 0.0, 0.0, 0.0, 0.0, 0.0, 0.0, 0.0, 0.0, 0.0, 0.0, 0.0, 0.0, 0.0, 40.844634686770476, 20.06888762922789, 26.485718766344174, 28.090816856114607, 24.38831273281486, 27.068647338465638, 23.400165484366696, 41.030185966748135, 12.496088039167361, 17.22477195414856, 4.359731467341347, 31.497360320928397, 46.83632337737953, 24.91576818687634, 6.802180363226862, 31.426480645366958, 30.629769806348783, 29.39620349721209, 27.903802879962466, 12.722086169092625, 0.0, 0.0, 0.0, 0.0, 0.0, 0.0, 0.0, 0.0, 0.0, 0.0, 0.0, 0.0, 0.0, 0.0, 0.0, 0.0, 0.0, 0.0, 0.0, 0.0, 0.0, 0.0, 0.0, 0.0, 0.0, 0.0, 0.0, 0.0, 0.0, 0.0], [0.0, 0.0, 0.0, 0.0, 0.0, 0.0, 0.0, 0.0, 0.0, 0.0, 0.0, 0.0, 0.0, 0.0, 0.0, 0.0, 0.0, 0.0, 0.0, 0.0, 0.0, 0.0, 0.0, 0.0, 0.0, 0.0, 0.0, 0.0, 0.0, 0.0, 40.844634686770476, 20.06888762922789, 26.485718766344174, 28.090816856114607, 24.38831273281486, 27.068647338465638, 23.400165484366696, 41.030185966748135, 12.496088039167361, 17.22477195414856, 4.359731467341347, 31.497360320928397, 46.83632337737953, 24.91576818687634, 6.802180363226862, 31.426480645366958, 30.629769806348783, 29.39620349721209, 27.903802879962466, 12.722086169092625, 0.0, 0.0, 0.0, 0.0, 0.0, 0.0, 0.0, 0.0, 0.0, 0.0, 0.0, 0.0, 0.0, 0.0, 0.0, 0.0, 0.0, 0.0, 0.0, 0.0, 0.0, 0.0, 0.0, 0.0, 0.0, 0.0, 0.0, 0.0, 0.0, 0.0], [0.0, 0.0, 0.0, 0.0, 0.0, 0.0, 0.0, 0.0, 0.0, 0.0, 0.0, 0.0, 0.0, 0.0, 0.0, 0.0, 0.0, 0.0, 0.0, 0.0, 0.0, 0.0, 0.0, 0.0, 0.0, 0.0, 0.0, 0.0, 0.0, 0.0, 40.844634686770476, 20.06888762922789, 26.485718766344174, 28.090816856114607, 24.38831273281486, 27.068647338465638, 23.400165484366696, 41.030185966748135, 12.496088039167361, 17.22477195414856, 4.359731467341347, 31.497360320928397, 46.83632337737953, 24.91576818687634, 6.802180363226862, 31.426480645366958, 30.629769806348783, 29.39620349721209, 27.903802879962466, 12.722086169092625, 0.0, 0.0, 0.0, 0.0, 0.0, 0.0, 0.0, 0.0, 0.0, 0.0, 0.0, 0.0, 0.0, 0.0, 0.0, 0.0, 0.0, 0.0, 0.0, 0.0, 0.0, 0.0, 0.0, 0.0, 0.0, 0.0, 0.0, 0.0, 0.0, 0.0], [0.0, 0.0, 0.0, 0.0, 0.0, 0.0, 0.0, 0.0, 0.0, 0.0, 0.0, 0.0, 0.0, 0.0, 0.0, 0.0, 0.0, 0.0, 0.0, 0.0, 0.0, 0.0, 0.0, 0.0, 0.0, 0.0, 0.0, 0.0, 0.0, 0.0, 40.844634686770476, 20.06888762922789, 26.485718766344174, 28.090816856114607, 24.38831273281486, 27.068647338465638, 23.400165484366696, 41.030185966748135, 12.496088039167361, 17.22477195414856, 4.359731467341347, 31.497360320928397, 46.83632337737953, 24.91576818687634, 6.802180363226862, 31.426480645366958, 30.629769806348783, 29.39620349721209, 27.903802879962466, 12.722086169092625, 0.0, 0.0, 0.0, 0.0, 0.0, 0.0, 0.0, 0.0, 0.0, 0.0, 0.0, 0.0, 0.0, 0.0, 0.0, 0.0, 0.0, 0.0, 0.0, 0.0, 0.0, 0.0, 0.0, 0.0, 0.0, 0.0, 0.0, 0.0, 0.0, 0.0], [0.0, 0.0, 0.0, 0.0, 0.0, 0.0, 0.0, 0.0, 0.0, 0.0, 0.0, 0.0, 0.0, 0.0, 0.0, 0.0, 0.0, 0.0, 0.0, 0.0, 0.0, 0.0, 0.0, 0.0, 0.0, 0.0, 0.0, 0.0, 0.0, 0.0, 40.844634686770476, 20.06888762922789, 26.485718766344174, 28.090816856114607, 24.38831273281486, 27.068647338465638, 23.400165484366696, 41.030185966748135, 12.496088039167361, 17.22477195414856, 4.359731467341347, 31.497360320928397, 46.83632337737953, 24.91576818687634, 6.802180363226862, 31.426480645366958, 30.629769806348783, 29.39620349721209, 27.903802879962466, 12.722086169092625, 0.0, 0.0, 0.0, 0.0, 0.0, 0.0, 0.0, 0.0, 0.0, 0.0, 0.0, 0.0, 0.0, 0.0, 0.0, 0.0, 0.0, 0.0, 0.0, 0.0, 0.0, 0.0, 0.0, 0.0, 0.0, 0.0, 0.0, 0.0, 0.0, 0.0], [0.0, 0.0, 0.0, 0.0, 0.0, 0.0, 0.0, 0.0, 0.0, 0.0, 0.0, 0.0, 0.0, 0.0, 0.0, 0.0, 0.0, 0.0, 0.0, 0.0, 0.0, 0.0, 0.0, 0.0, 0.0, 0.0, 0.0, 0.0, 0.0, 0.0, 40.844634686770476, 20.06888762922789, 26.485718766344174, 28.090816856114607, 24.38831273281486, 27.068647338465638, 23.400165484366696, 41.030185966748135, 12.496088039167361, 17.22477195414856, 4.359731467341347, 31.497360320928397, 46.83632337737953, 24.91576818687634, 6.802180363226862, 31.426480645366958, 30.629769806348783, 29.39620349721209, 27.903802879962466, 12.722086169092625, 0.0, 0.0, 0.0, 0.0, 0.0, 0.0, 0.0, 0.0, 0.0, 0.0, 0.0, 0.0, 0.0, 0.0, 0.0, 0.0, 0.0, 0.0, 0.0, 0.0, 0.0, 0.0, 0.0, 0.0, 0.0, 0.0, 0.0, 0.0, 0.0, 0.0], [0.0, 0.0, 0.0, 0.0, 0.0, 0.0, 0.0, 0.0, 0.0, 0.0, 0.0, 0.0, 0.0, 0.0, 0.0, 0.0, 0.0, 0.0, 0.0, 0.0, 0.0, 0.0, 0.0, 0.0, 0.0, 0.0, 0.0, 0.0, 0.0, 0.0, 40.844634686770476, 20.06888762922789, 26.485718766344174, 28.090816856114607, 24.38831273281486, 27.068647338465638, 23.400165484366696, 41.030185966748135, 12.496088039167361, 17.22477195414856, 4.359731467341347, 31.497360320928397, 46.83632337737953, 24.91576818687634, 6.802180363226862, 31.426480645366958, 30.629769806348783, 29.39620349721209, 27.903802879962466, 12.722086169092625, 0.0, 0.0, 0.0, 0.0, 0.0, 0.0, 0.0, 0.0, 0.0, 0.0, 0.0, 0.0, 0.0, 0.0, 0.0, 0.0, 0.0, 0.0, 0.0, 0.0, 0.0, 0.0, 0.0, 0.0, 0.0, 0.0, 0.0, 0.0, 0.0, 0.0], [0.0, 0.0, 0.0, 0.0, 0.0, 0.0, 0.0, 0.0, 0.0, 0.0, 0.0, 0.0, 0.0, 0.0, 0.0, 0.0, 0.0, 0.0, 0.0, 0.0, 0.0, 0.0, 0.0, 0.0, 0.0, 0.0, 0.0, 0.0, 0.0, 0.0, 40.844634686770476, 20.06888762922789, 26.485718766344174, 28.090816856114607, 24.38831273281486, 27.068647338465638, 23.400165484366696, 41.030185966748135, 12.496088039167361, 17.22477195414856, 4.359731467341347, 31.497360320928397, 46.83632337737953, 24.91576818687634, 6.802180363226862, 31.426480645366958, 30.629769806348783, 29.39620349721209, 27.903802879962466, 12.722086169092625, 0.0, 0.0, 0.0, 0.0, 0.0, 0.0, 0.0, 0.0, 0.0, 0.0, 0.0, 0.0, 0.0, 0.0, 0.0, 0.0, 0.0, 0.0, 0.0, 0.0, 0.0, 0.0, 0.0, 0.0, 0.0, 0.0, 0.0, 0.0, 0.0, 0.0], [0.0, 0.0, 0.0, 0.0, 0.0, 0.0, 0.0, 0.0, 0.0, 0.0, 0.0, 0.0, 0.0, 0.0, 0.0, 0.0, 0.0, 0.0, 0.0, 0.0, 0.0, 0.0, 0.0, 0.0, 0.0, 0.0, 0.0, 0.0, 0.0, 0.0, 40.844634686770476, 20.06888762922789, 26.485718766344174, 28.090816856114607, 24.38831273281486, 27.068647338465638, 23.400165484366696, 41.030185966748135, 12.496088039167361, 17.22477195414856, 4.359731467341347, 31.497360320928397, 46.83632337737953, 24.91576818687634, 6.802180363226862, 31.426480645366958, 30.629769806348783, 29.39620349721209, 27.903802879962466, 12.722086169092625, 0.0, 0.0, 0.0, 0.0, 0.0, 0.0, 0.0, 0.0, 0.0, 0.0, 0.0, 0.0, 0.0, 0.0, 0.0, 0.0, 0.0, 0.0, 0.0, 0.0, 0.0, 0.0, 0.0, 0.0, 0.0, 0.0, 0.0, 0.0, 0.0, 0.0], [0.0, 0.0, 0.0, 0.0, 0.0, 0.0, 0.0, 0.0, 0.0, 0.0, 0.0, 0.0, 0.0, 0.0, 0.0, 0.0, 0.0, 0.0, 0.0, 0.0, 0.0, 0.0, 0.0, 0.0, 0.0, 0.0, 0.0, 0.0, 0.0, 0.0, 40.844634686770476, 20.06888762922789, 26.485718766344174, 28.090816856114607, 24.38831273281486, 27.068647338465638, 23.400165484366696, 41.030185966748135, 12.496088039167361, 17.22477195414856, 4.359731467341347, 31.497360320928397, 46.83632337737953, 24.91576818687634, 6.802180363226862, 31.426480645366958, 30.629769806348783, 29.39620349721209, 27.903802879962466, 12.722086169092625, 0.0, 0.0, 0.0, 0.0, 0.0, 0.0, 0.0, 0.0, 0.0, 0.0, 0.0, 0.0, 0.0, 0.0, 0.0, 0.0, 0.0, 0.0, 0.0, 0.0, 0.0, 0.0, 0.0, 0.0, 0.0, 0.0, 0.0, 0.0, 0.0, 0.0], [0.0, 0.0, 0.0, 0.0, 0.0, 0.0, 0.0, 0.0, 0.0, 0.0, 0.0, 0.0, 0.0, 0.0, 0.0, 0.0, 0.0, 0.0, 0.0, 0.0, 0.0, 0.0, 0.0, 0.0, 0.0, 0.0, 0.0, 0.0, 0.0, 0.0, 40.844634686770476, 20.06888762922789, 26.485718766344174, 28.090816856114607, 24.38831273281486, 27.068647338465638, 23.400165484366696, 41.030185966748135, 12.496088039167361, 17.22477195414856, 4.359731467341347, 31.497360320928397, 46.83632337737953, 24.91576818687634, 6.802180363226862, 31.426480645366958, 30.629769806348783, 29.39620349721209, 27.903802879962466, 12.722086169092625, 0.0, 0.0, 0.0, 0.0, 0.0, 0.0, 0.0, 0.0, 0.0, 0.0, 0.0, 0.0, 0.0, 0.0, 0.0, 0.0, 0.0, 0.0, 0.0, 0.0, 0.0, 0.0, 0.0, 0.0, 0.0, 0.0, 0.0, 0.0, 0.0, 0.0], [0.0, 0.0, 0.0, 0.0, 0.0, 0.0, 0.0, 0.0, 0.0, 0.0, 0.0, 0.0, 0.0, 0.0, 0.0, 0.0, 0.0, 0.0, 0.0, 0.0, 0.0, 0.0, 0.0, 0.0, 0.0, 0.0, 0.0, 0.0, 0.0, 0.0, 40.844634686770476, 20.06888762922789, 26.485718766344174, 28.090816856114607, 24.38831273281486, 27.068647338465638, 23.400165484366696, 41.030185966748135, 12.496088039167361, 17.22477195414856, 4.359731467341347, 31.497360320928397, 46.83632337737953, 24.91576818687634, 6.802180363226862, 31.426480645366958, 30.629769806348783, 29.39620349721209, 27.903802879962466, 12.722086169092625, 0.0, 0.0, 0.0, 0.0, 0.0, 0.0, 0.0, 0.0, 0.0, 0.0, 0.0, 0.0, 0.0, 0.0, 0.0, 0.0, 0.0, 0.0, 0.0, 0.0, 0.0, 0.0, 0.0, 0.0, 0.0, 0.0, 0.0, 0.0, 0.0, 0.0], [0.0, 0.0, 0.0, 0.0, 0.0, 0.0, 0.0, 0.0, 0.0, 0.0, 0.0, 0.0, 0.0, 0.0, 0.0, 0.0, 0.0, 0.0, 0.0, 0.0, 0.0, 0.0, 0.0, 0.0, 0.0, 0.0, 0.0, 0.0, 0.0, 0.0, 40.844634686770476, 20.06888762922789, 26.485718766344174, 28.090816856114607, 24.38831273281486, 27.068647338465638, 23.400165484366696, 41.030185966748135, 12.496088039167361, 17.22477195414856, 4.359731467341347, 31.497360320928397, 46.83632337737953, 24.91576818687634, 6.802180363226862, 31.426480645366958, 30.629769806348783, 29.39620349721209, 27.903802879962466, 12.722086169092625, 0.0, 0.0, 0.0, 0.0, 0.0, 0.0, 0.0, 0.0, 0.0, 0.0, 0.0, 0.0, 0.0, 0.0, 0.0, 0.0, 0.0, 0.0, 0.0, 0.0, 0.0, 0.0, 0.0, 0.0, 0.0, 0.0, 0.0, 0.0, 0.0, 0.0], [0.0, 0.0, 0.0, 0.0, 0.0, 0.0, 0.0, 0.0, 0.0, 0.0, 0.0, 0.0, 0.0, 0.0, 0.0, 0.0, 0.0, 0.0, 0.0, 0.0, 0.0, 0.0, 0.0, 0.0, 0.0, 0.0, 0.0, 0.0, 0.0, 0.0, 40.844634686770476, 20.06888762922789, 26.485718766344174, 28.090816856114607, 24.38831273281486, 27.068647338465638, 23.400165484366696, 41.030185966748135, 12.496088039167361, 17.22477195414856, 4.359731467341347, 31.497360320928397, 46.83632337737953, 24.91576818687634, 6.802180363226862, 31.426480645366958, 30.629769806348783, 29.39620349721209, 27.903802879962466, 12.722086169092625, 0.0, 0.0, 0.0, 0.0, 0.0, 0.0, 0.0, 0.0, 0.0, 0.0, 0.0, 0.0, 0.0, 0.0, 0.0, 0.0, 0.0, 0.0, 0.0, 0.0, 0.0, 0.0, 0.0, 0.0, 0.0, 0.0, 0.0, 0.0, 0.0, 0.0], [0.0, 0.0, 0.0, 0.0, 0.0, 0.0, 0.0, 0.0, 0.0, 0.0, 0.0, 0.0, 0.0, 0.0, 0.0, 0.0, 0.0, 0.0, 0.0, 0.0, 0.0, 0.0, 0.0, 0.0, 0.0, 0.0, 0.0, 0.0, 0.0, 0.0, 40.844634686770476, 20.06888762922789, 26.485718766344174, 28.090816856114607, 24.38831273281486, 27.068647338465638, 23.400165484366696, 41.030185966748135, 12.496088039167361, 17.22477195414856, 4.359731467341347, 31.497360320928397, 46.83632337737953, 24.91576818687634, 6.802180363226862, 31.426480645366958, 30.629769806348783, 29.39620349721209, 27.903802879962466, 12.722086169092625, 0.0, 0.0, 0.0, 0.0, 0.0, 0.0, 0.0, 0.0, 0.0, 0.0, 0.0, 0.0, 0.0, 0.0, 0.0, 0.0, 0.0, 0.0, 0.0, 0.0, 0.0, 0.0, 0.0, 0.0, 0.0, 0.0, 0.0, 0.0, 0.0, 0.0], [0.0, 0.0, 0.0, 0.0, 0.0, 0.0, 0.0, 0.0, 0.0, 0.0, 0.0, 0.0, 0.0, 0.0, 0.0, 0.0, 0.0, 0.0, 0.0, 0.0, 0.0, 0.0, 0.0, 0.0, 0.0, 0.0, 0.0, 0.0, 0.0, 0.0, 40.844634686770476, 20.06888762922789, 26.485718766344174, 28.090816856114607, 24.38831273281486, 27.068647338465638, 23.400165484366696, 41.030185966748135, 12.496088039167361, 17.22477195414856, 4.359731467341347, 31.497360320928397, 46.83632337737953, 24.91576818687634, 6.802180363226862, 31.426480645366958, 30.629769806348783, 29.39620349721209, 27.903802879962466, 12.722086169092625, 0.0, 0.0, 0.0, 0.0, 0.0, 0.0, 0.0, 0.0, 0.0, 0.0, 0.0, 0.0, 0.0, 0.0, 0.0, 0.0, 0.0, 0.0, 0.0, 0.0, 0.0, 0.0, 0.0, 0.0, 0.0, 0.0, 0.0, 0.0, 0.0, 0.0], [0.0, 0.0, 0.0, 0.0, 0.0, 0.0, 0.0, 0.0, 0.0, 0.0, 0.0, 0.0, 0.0, 0.0, 0.0, 0.0, 0.0, 0.0, 0.0, 0.0, 0.0, 0.0, 0.0, 0.0, 0.0, 0.0, 0.0, 0.0, 0.0, 0.0, 40.844634686770476, 20.06888762922789, 26.485718766344174, 28.090816856114607, 24.38831273281486, 27.068647338465638, 23.400165484366696, 41.030185966748135, 12.496088039167361, 17.22477195414856, 4.359731467341347, 31.497360320928397, 46.83632337737953, 24.91576818687634, 6.802180363226862, 31.426480645366958, 30.629769806348783, 29.39620349721209, 27.903802879962466, 12.722086169092625, 0.0, 0.0, 0.0, 0.0, 0.0, 0.0, 0.0, 0.0, 0.0, 0.0, 0.0, 0.0, 0.0, 0.0, 0.0, 0.0, 0.0, 0.0, 0.0, 0.0, 0.0, 0.0, 0.0, 0.0, 0.0, 0.0, 0.0, 0.0, 0.0, 0.0], [0.0, 0.0, 0.0, 0.0, 0.0, 0.0, 0.0, 0.0, 0.0, 0.0, 0.0, 0.0, 0.0, 0.0, 0.0, 0.0, 0.0, 0.0, 0.0, 0.0, 0.0, 0.0, 0.0, 0.0, 0.0, 0.0, 0.0, 0.0, 0.0, 0.0, 40.844634686770476, 20.06888762922789, 26.485718766344174, 28.090816856114607, 24.38831273281486, 27.068647338465638, 23.400165484366696, 41.030185966748135, 12.496088039167361, 17.22477195414856, 4.359731467341347, 31.497360320928397, 46.83632337737953, 24.91576818687634, 6.802180363226862, 31.426480645366958, 30.629769806348783, 29.39620349721209, 27.903802879962466, 12.722086169092625, 0.0, 0.0, 0.0, 0.0, 0.0, 0.0, 0.0, 0.0, 0.0, 0.0, 0.0, 0.0, 0.0, 0.0, 0.0, 0.0, 0.0, 0.0, 0.0, 0.0, 0.0, 0.0, 0.0, 0.0, 0.0, 0.0, 0.0, 0.0, 0.0, 0.0], [0.0, 0.0, 0.0, 0.0, 0.0, 0.0, 0.0, 0.0, 0.0, 0.0, 0.0, 0.0, 0.0, 0.0, 0.0, 0.0, 0.0, 0.0, 0.0, 0.0, 0.0, 0.0, 0.0, 0.0, 0.0, 0.0, 0.0, 0.0, 0.0, 0.0, 40.844634686770476, 20.06888762922789, 26.485718766344174, 28.090816856114607, 24.38831273281486, 27.068647338465638, 23.400165484366696, 41.030185966748135, 12.496088039167361, 17.22477195414856, 4.359731467341347, 31.497360320928397, 46.83632337737953, 24.91576818687634, 6.802180363226862, 31.426480645366958, 30.629769806348783, 29.39620349721209, 27.903802879962466, 12.722086169092625, 0.0, 0.0, 0.0, 0.0, 0.0, 0.0, 0.0, 0.0, 0.0, 0.0, 0.0, 0.0, 0.0, 0.0, 0.0, 0.0, 0.0, 0.0, 0.0, 0.0, 0.0, 0.0, 0.0, 0.0, 0.0, 0.0, 0.0, 0.0, 0.0, 0.0], [0.0, 0.0, 0.0, 0.0, 0.0, 0.0, 0.0, 0.0, 0.0, 0.0, 0.0, 0.0, 0.0, 0.0, 0.0, 0.0, 0.0, 0.0, 0.0, 0.0, 0.0, 0.0, 0.0, 0.0, 0.0, 0.0, 0.0, 0.0, 0.0, 0.0, 40.844634686770476, 20.06888762922789, 26.485718766344174, 28.090816856114607, 24.38831273281486, 27.068647338465638, 23.400165484366696, 41.030185966748135, 12.496088039167361, 17.22477195414856, 4.359731467341347, 31.497360320928397, 46.83632337737953, 24.91576818687634, 6.802180363226862, 31.426480645366958, 30.629769806348783, 29.39620349721209, 27.903802879962466, 12.722086169092625, 0.0, 0.0, 0.0, 0.0, 0.0, 0.0, 0.0, 0.0, 0.0, 0.0, 0.0, 0.0, 0.0, 0.0, 0.0, 0.0, 0.0, 0.0, 0.0, 0.0, 0.0, 0.0, 0.0, 0.0, 0.0, 0.0, 0.0, 0.0, 0.0, 0.0], [0.0, 0.0, 0.0, 0.0, 0.0, 0.0, 0.0, 0.0, 0.0, 0.0, 0.0, 0.0, 0.0, 0.0, 0.0, 0.0, 0.0, 0.0, 0.0, 0.0, 0.0, 0.0, 0.0, 0.0, 0.0, 0.0, 0.0, 0.0, 0.0, 0.0, 40.844634686770476, 20.06888762922789, 26.485718766344174, 28.090816856114607, 24.38831273281486, 27.068647338465638, 23.400165484366696, 41.030185966748135, 12.496088039167361, 17.22477195414856, 4.359731467341347, 31.497360320928397, 46.83632337737953, 24.91576818687634, 6.802180363226862, 31.426480645366958, 30.629769806348783, 29.39620349721209, 27.903802879962466, 12.722086169092625, 0.0, 0.0, 0.0, 0.0, 0.0, 0.0, 0.0, 0.0, 0.0, 0.0, 0.0, 0.0, 0.0, 0.0, 0.0, 0.0, 0.0, 0.0, 0.0, 0.0, 0.0, 0.0, 0.0, 0.0, 0.0, 0.0, 0.0, 0.0, 0.0, 0.0], [0.0, 0.0, 0.0, 0.0, 0.0, 0.0, 0.0, 0.0, 0.0, 0.0, 0.0, 0.0, 0.0, 0.0, 0.0, 0.0, 0.0, 0.0, 0.0, 0.0, 0.0, 0.0, 0.0, 0.0, 0.0, 0.0, 0.0, 0.0, 0.0, 0.0, 40.844634686770476, 20.06888762922789, 26.485718766344174, 28.090816856114607, 24.38831273281486, 27.068647338465638, 23.400165484366696, 41.030185966748135, 12.496088039167361, 17.22477195414856, 4.359731467341347, 31.497360320928397, 46.83632337737953, 24.91576818687634, 6.802180363226862, 31.426480645366958, 30.629769806348783, 29.39620349721209, 27.903802879962466, 12.722086169092625, 0.0, 0.0, 0.0, 0.0, 0.0, 0.0, 0.0, 0.0, 0.0, 0.0, 0.0, 0.0, 0.0, 0.0, 0.0, 0.0, 0.0, 0.0, 0.0, 0.0, 0.0, 0.0, 0.0, 0.0, 0.0, 0.0, 0.0, 0.0, 0.0, 0.0]];
