M = 99999999.0;
numWorkers = 30;
numRoles = 3;
numNodes = 80;
wStart = [0, 0, 0, 0, 0, 0, 0, 0, 0, 0, 0, 0, 0, 0, 0, 0, 0, 0, 0, 0, 0, 0, 0, 0, 0, 0, 0, 0, 0, 0, 300, 120, 60, 60, 210, 60, 210, 180, 60, 180, 60, 90, 60, 300, 90, 180, 120, 300, 210, 210, 480, 480, 480, 480, 480, 480, 480, 480, 480, 480, 480, 480, 480, 480, 480, 480, 480, 480, 480, 480, 480, 480, 480, 480, 480, 480, 480, 480, 480, 480];
wEnd = [0, 0, 0, 0, 0, 0, 0, 0, 0, 0, 0, 0, 0, 0, 0, 0, 0, 0, 0, 0, 0, 0, 0, 0, 0, 0, 0, 0, 0, 0, 450, 210, 450, 330, 420, 300, 240, 420, 450, 390, 450, 360, 420, 360, 360, 390, 210, 450, 420, 240, 480, 480, 480, 480, 480, 480, 480, 480, 480, 480, 480, 480, 480, 480, 480, 480, 480, 480, 480, 480, 480, 480, 480, 480, 480, 480, 480, 480, 480, 480];
p = [0, 0, 0, 0, 0, 0, 0, 0, 0, 0, 0, 0, 0, 0, 0, 0, 0, 0, 0, 0, 0, 0, 0, 0, 0, 0, 0, 0, 0, 0, 62.49848731867188, 15.11805122549362, 48.14666485160215, 57.21720869352681, 72.77455216910892, 61.23700370745827, 33.34465983888167, 28.647674641241395, 59.59839597528812, 46.309707008124555, 30.812224976714276, 57.26009713795314, 27.69727336847003, 40.72930962523454, 28.63004856897657, 23.154853504062277, 7.55902561274681, 31.24924365933594, 36.38727608455446, 16.672329919440834, 0, 0, 0, 0, 0, 0, 0, 0, 0, 0, 0, 0, 0, 0, 0, 0, 0, 0, 0, 0, 0, 0, 0, 0, 0, 0, 0, 0, 0, 0];
e = [[1, 1, 0], [1, 1, 0], [0, 1, 1], [0, 1, 0], [0, 1, 1], [1, 1, 0], [0, 1, 1], [0, 1, 1], [0, 1, 0], [0, 1, 0], [0, 1, 0], [1, 1, 0], [0, 1, 1], [0, 1, 1], [0, 1, 1], [1, 1, 0], [1, 1, 0], [0, 1, 1], [1, 1, 0], [1, 1, 0], [0, 1, 0], [0, 1, 1], [0, 1, 1], [0, 0, 1], [1, 0, 0], [1, 0, 0], [0, 0, 1], [0, 1, 0], [1, 0, 0], [1, 0, 0]];
d = [[0, 2, 2, 0, 0, 2, 0, 0, 0, 0, 0, 0, 1, 2, 0, 0, 4, 0, 0, 0], [1, 0, 0, 0, 1, 0, 1, 1, 1, 0, 1, 1, 0, 0, 2, 0, 0, 2, 2, 2], [0, 0, 0, 1, 1, 0, 1, 0, 1, 1, 1, 0, 0, 0, 0, 2, 0, 0, 2, 2]];
r = [784, 1594, 1367, 548, 1848, 1875, 4365, 408, 716, 3923, 2260, 3217, 1222, 844, 3217, 3923, 1594, 784, 1848, 4365];
g = [[0, 0, 0, 0, 0, 0, 0, 0, 0, 0, 0, 0, 0, 0, 0, 0, 0, 1, 0, 0], [0, 0, 0, 0, 0, 0, 0, 0, 0, 0, 0, 0, 0, 0, 0, 0, 1, 0, 0, 0], [0, 0, 0, 0, 0, 0, 0, 0, 0, 0, 0, 0, 0, 0, 0, 0, 0, 0, 0, 0], [0, 0, 0, 0, 0, 0, 0, 0, 0, 0, 0, 0, 0, 0, 0, 0, 0, 0, 0, 0], [0, 0, 0, 0, 0, 0, 0, 0, 0, 0, 0, 0, 0, 0, 0, 0, 0, 0, 1, 0], [0, 0, 0, 0, 0, 0, 0, 0, 0, 0, 0, 0, 0, 0, 0, 0, 0, 0, 0, 0], [0, 0, 0, 0, 0, 0, 0, 0, 0, 0, 0, 0, 0, 0, 0, 0, 0, 0, 0, 1], [0, 0, 0, 0, 0, 0, 0, 0, 0, 0, 0, 0, 0, 0, 0, 0, 0, 0, 0, 0], [0, 0, 0, 0, 0, 0, 0, 0, 0, 0, 0, 0, 0, 0, 0, 0, 0, 0, 0, 0], [0, 0, 0, 0, 0, 0, 0, 0, 0, 0, 0, 0, 0, 0, 0, 1, 0, 0, 0, 0], [0, 0, 0, 0, 0, 0, 0, 0, 0, 0, 0, 0, 0, 0, 0, 0, 0, 0, 0, 0], [0, 0, 0, 0, 0, 0, 0, 0, 0, 0, 0, 0, 0, 0, 1, 0, 0, 0, 0, 0], [0, 0, 0, 0, 0, 0, 0, 0, 0, 0, 0, 0, 0, 0, 0, 0, 0, 0, 0, 0], [0, 0, 0, 0, 0, 0, 0, 0, 0, 0, 0, 0, 0, 0, 0, 0, 0, 0, 0, 0], [0, 0, 0, 0, 0, 0, 0, 0, 0, 0, 0, 1, 0, 0, 0, 0, 0, 0, 0, 0], [0, 0, 0, 0, 0, 0, 0, 0, 0, 1, 0, 0, 0, 0, 0, 0, 0, 0, 0, 0], [0, 1, 0, 0, 0, 0, 0, 0, 0, 0, 0, 0, 0, 0, 0, 0, 0, 0, 0, 0], [1, 0, 0, 0, 0, 0, 0, 0, 0, 0, 0, 0, 0, 0, 0, 0, 0, 0, 0, 0], [0, 0, 0, 0, 1, 0, 0, 0, 0, 0, 0, 0, 0, 0, 0, 0, 0, 0, 0, 0], [0, 0, 0, 0, 0, 0, 1, 0, 0, 0, 0, 0, 0, 0, 0, 0, 0, 0, 0, 0]];
t = [[0.0, 0.0, 0.0, 0.0, 0.0, 0.0, 0.0, 0.0, 0.0, 0.0, 0.0, 0.0, 0.0, 0.0, 0.0, 0.0, 0.0, 0.0, 0.0, 0.0, 0.0, 0.0, 0.0, 0.0, 0.0, 0.0, 0.0, 0.0, 0.0, 0.0, 10.920873791840389, 27.400881558592033, 11.951666359651425, 27.297460025038262, 22.507572626869674, 15.26744300556004, 20.46251563194752, 15.23217649291857, 2.130766850030349, 12.534804443894746, 19.564965681825978, 4.496832487448376, 23.42521335086039, 17.13278221180302, 4.496832487448376, 12.534804443894746, 27.400881558592033, 10.920873791840389, 22.507572626869674, 20.46251563194752, 0.0, 0.0, 0.0, 0.0, 0.0, 0.0, 0.0, 0.0, 0.0, 0.0, 0.0, 0.0, 0.0, 0.0, 0.0, 0.0, 0.0, 0.0, 0.0, 0.0, 0.0, 0.0, 0.0, 0.0, 0.0, 0.0, 0.0, 0.0, 0.0, 0.0], [0.0, 0.0, 0.0, 0.0, 0.0, 0.0, 0.0, 0.0, 0.0, 0.0, 0.0, 0.0, 0.0, 0.0, 0.0, 0.0, 0.0, 0.0, 0.0, 0.0, 0.0, 0.0, 0.0, 0.0, 0.0, 0.0, 0.0, 0.0, 0.0, 0.0, 10.920873791840389, 27.400881558592033, 11.951666359651425, 27.297460025038262, 22.507572626869674, 15.26744300556004, 20.46251563194752, 15.23217649291857, 2.130766850030349, 12.534804443894746, 19.564965681825978, 4.496832487448376, 23.42521335086039, 17.13278221180302, 4.496832487448376, 12.534804443894746, 27.400881558592033, 10.920873791840389, 22.507572626869674, 20.46251563194752, 0.0, 0.0, 0.0, 0.0, 0.0, 0.0, 0.0, 0.0, 0.0, 0.0, 0.0, 0.0, 0.0, 0.0, 0.0, 0.0, 0.0, 0.0, 0.0, 0.0, 0.0, 0.0, 0.0, 0.0, 0.0, 0.0, 0.0, 0.0, 0.0, 0.0], [0.0, 0.0, 0.0, 0.0, 0.0, 0.0, 0.0, 0.0, 0.0, 0.0, 0.0, 0.0, 0.0, 0.0, 0.0, 0.0, 0.0, 0.0, 0.0, 0.0, 0.0, 0.0, 0.0, 0.0, 0.0, 0.0, 0.0, 0.0, 0.0, 0.0, 10.920873791840389, 27.400881558592033, 11.951666359651425, 27.297460025038262, 22.507572626869674, 15.26744300556004, 20.46251563194752, 15.23217649291857, 2.130766850030349, 12.534804443894746, 19.564965681825978, 4.496832487448376, 23.42521335086039, 17.13278221180302, 4.496832487448376, 12.534804443894746, 27.400881558592033, 10.920873791840389, 22.507572626869674, 20.46251563194752, 0.0, 0.0, 0.0, 0.0, 0.0, 0.0, 0.0, 0.0, 0.0, 0.0, 0.0, 0.0, 0.0, 0.0, 0.0, 0.0, 0.0, 0.0, 0.0, 0.0, 0.0, 0.0, 0.0, 0.0, 0.0, 0.0, 0.0, 0.0, 0.0, 0.0], [0.0, 0.0, 0.0, 0.0, 0.0, 0.0, 0.0, 0.0, 0.0, 0.0, 0.0, 0.0, 0.0, 0.0, 0.0, 0.0, 0.0, 0.0, 0.0, 0.0, 0.0, 0.0, 0.0, 0.0, 0.0, 0.0, 0.0, 0.0, 0.0, 0.0, 10.920873791840389, 27.400881558592033, 11.951666359651425, 27.297460025038262, 22.507572626869674, 15.26744300556004, 20.46251563194752, 15.23217649291857, 2.130766850030349, 12.534804443894746, 19.564965681825978, 4.496832487448376, 23.42521335086039, 17.13278221180302, 4.496832487448376, 12.534804443894746, 27.400881558592033, 10.920873791840389, 22.507572626869674, 20.46251563194752, 0.0, 0.0, 0.0, 0.0, 0.0, 0.0, 0.0, 0.0, 0.0, 0.0, 0.0, 0.0, 0.0, 0.0, 0.0, 0.0, 0.0, 0.0, 0.0, 0.0, 0.0, 0.0, 0.0, 0.0, 0.0, 0.0, 0.0, 0.0, 0.0, 0.0], [0.0, 0.0, 0.0, 0.0, 0.0, 0.0, 0.0, 0.0, 0.0, 0.0, 0.0, 0.0, 0.0, 0.0, 0.0, 0.0, 0.0, 0.0, 0.0, 0.0, 0.0, 0.0, 0.0, 0.0, 0.0, 0.0, 0.0, 0.0, 0.0, 0.0, 10.920873791840389, 27.400881558592033, 11.951666359651425, 27.297460025038262, 22.507572626869674, 15.26744300556004, 20.46251563194752, 15.23217649291857, 2.130766850030349, 12.534804443894746, 19.564965681825978, 4.496832487448376, 23.42521335086039, 17.13278221180302, 4.496832487448376, 12.534804443894746, 27.400881558592033, 10.920873791840389, 22.507572626869674, 20.46251563194752, 0.0, 0.0, 0.0, 0.0, 0.0, 0.0, 0.0, 0.0, 0.0, 0.0, 0.0, 0.0, 0.0, 0.0, 0.0, 0.0, 0.0, 0.0, 0.0, 0.0, 0.0, 0.0, 0.0, 0.0, 0.0, 0.0, 0.0, 0.0, 0.0, 0.0], [0.0, 0.0, 0.0, 0.0, 0.0, 0.0, 0.0, 0.0, 0.0, 0.0, 0.0, 0.0, 0.0, 0.0, 0.0, 0.0, 0.0, 0.0, 0.0, 0.0, 0.0, 0.0, 0.0, 0.0, 0.0, 0.0, 0.0, 0.0, 0.0, 0.0, 10.920873791840389, 27.400881558592033, 11.951666359651425, 27.297460025038262, 22.507572626869674, 15.26744300556004, 20.46251563194752, 15.23217649291857, 2.130766850030349, 12.534804443894746, 19.564965681825978, 4.496832487448376, 23.42521335086039, 17.13278221180302, 4.496832487448376, 12.534804443894746, 27.400881558592033, 10.920873791840389, 22.507572626869674, 20.46251563194752, 0.0, 0.0, 0.0, 0.0, 0.0, 0.0, 0.0, 0.0, 0.0, 0.0, 0.0, 0.0, 0.0, 0.0, 0.0, 0.0, 0.0, 0.0, 0.0, 0.0, 0.0, 0.0, 0.0, 0.0, 0.0, 0.0, 0.0, 0.0, 0.0, 0.0], [0.0, 0.0, 0.0, 0.0, 0.0, 0.0, 0.0, 0.0, 0.0, 0.0, 0.0, 0.0, 0.0, 0.0, 0.0, 0.0, 0.0, 0.0, 0.0, 0.0, 0.0, 0.0, 0.0, 0.0, 0.0, 0.0, 0.0, 0.0, 0.0, 0.0, 10.920873791840389, 27.400881558592033, 11.951666359651425, 27.297460025038262, 22.507572626869674, 15.26744300556004, 20.46251563194752, 15.23217649291857, 2.130766850030349, 12.534804443894746, 19.564965681825978, 4.496832487448376, 23.42521335086039, 17.13278221180302, 4.496832487448376, 12.534804443894746, 27.400881558592033, 10.920873791840389, 22.507572626869674, 20.46251563194752, 0.0, 0.0, 0.0, 0.0, 0.0, 0.0, 0.0, 0.0, 0.0, 0.0, 0.0, 0.0, 0.0, 0.0, 0.0, 0.0, 0.0, 0.0, 0.0, 0.0, 0.0, 0.0, 0.0, 0.0, 0.0, 0.0, 0.0, 0.0, 0.0, 0.0], [0.0, 0.0, 0.0, 0.0, 0.0, 0.0, 0.0, 0.0, 0.0, 0.0, 0.0, 0.0, 0.0, 0.0, 0.0, 0.0, 0.0, 0.0, 0.0, 0.0, 0.0, 0.0, 0.0, 0.0, 0.0, 0.0, 0.0, 0.0, 0.0, 0.0, 10.920873791840389, 27.400881558592033, 11.951666359651425, 27.297460025038262, 22.507572626869674, 15.26744300556004, 20.46251563194752, 15.23217649291857, 2.130766850030349, 12.534804443894746, 19.564965681825978, 4.496832487448376, 23.42521335086039, 17.13278221180302, 4.496832487448376, 12.534804443894746, 27.400881558592033, 10.920873791840389, 22.507572626869674, 20.46251563194752, 0.0, 0.0, 0.0, 0.0, 0.0, 0.0, 0.0, 0.0, 0.0, 0.0, 0.0, 0.0, 0.0, 0.0, 0.0, 0.0, 0.0, 0.0, 0.0, 0.0, 0.0, 0.0, 0.0, 0.0, 0.0, 0.0, 0.0, 0.0, 0.0, 0.0], [0.0, 0.0, 0.0, 0.0, 0.0, 0.0, 0.0, 0.0, 0.0, 0.0, 0.0, 0.0, 0.0, 0.0, 0.0, 0.0, 0.0, 0.0, 0.0, 0.0, 0.0, 0.0, 0.0, 0.0, 0.0, 0.0, 0.0, 0.0, 0.0, 0.0, 10.920873791840389, 27.400881558592033, 11.951666359651425, 27.297460025038262, 22.507572626869674, 15.26744300556004, 20.46251563194752, 15.23217649291857, 2.130766850030349, 12.534804443894746, 19.564965681825978, 4.496832487448376, 23.42521335086039, 17.13278221180302, 4.496832487448376, 12.534804443894746, 27.400881558592033, 10.920873791840389, 22.507572626869674, 20.46251563194752, 0.0, 0.0, 0.0, 0.0, 0.0, 0.0, 0.0, 0.0, 0.0, 0.0, 0.0, 0.0, 0.0, 0.0, 0.0, 0.0, 0.0, 0.0, 0.0, 0.0, 0.0, 0.0, 0.0, 0.0, 0.0, 0.0, 0.0, 0.0, 0.0, 0.0], [0.0, 0.0, 0.0, 0.0, 0.0, 0.0, 0.0, 0.0, 0.0, 0.0, 0.0, 0.0, 0.0, 0.0, 0.0, 0.0, 0.0, 0.0, 0.0, 0.0, 0.0, 0.0, 0.0, 0.0, 0.0, 0.0, 0.0, 0.0, 0.0, 0.0, 10.920873791840389, 27.400881558592033, 11.951666359651425, 27.297460025038262, 22.507572626869674, 15.26744300556004, 20.46251563194752, 15.23217649291857, 2.130766850030349, 12.534804443894746, 19.564965681825978, 4.496832487448376, 23.42521335086039, 17.13278221180302, 4.496832487448376, 12.534804443894746, 27.400881558592033, 10.920873791840389, 22.507572626869674, 20.46251563194752, 0.0, 0.0, 0.0, 0.0, 0.0, 0.0, 0.0, 0.0, 0.0, 0.0, 0.0, 0.0, 0.0, 0.0, 0.0, 0.0, 0.0, 0.0, 0.0, 0.0, 0.0, 0.0, 0.0, 0.0, 0.0, 0.0, 0.0, 0.0, 0.0, 0.0], [0.0, 0.0, 0.0, 0.0, 0.0, 0.0, 0.0, 0.0, 0.0, 0.0, 0.0, 0.0, 0.0, 0.0, 0.0, 0.0, 0.0, 0.0, 0.0, 0.0, 0.0, 0.0, 0.0, 0.0, 0.0, 0.0, 0.0, 0.0, 0.0, 0.0, 10.920873791840389, 27.400881558592033, 11.951666359651425, 27.297460025038262, 22.507572626869674, 15.26744300556004, 20.46251563194752, 15.23217649291857, 2.130766850030349, 12.534804443894746, 19.564965681825978, 4.496832487448376, 23.42521335086039, 17.13278221180302, 4.496832487448376, 12.534804443894746, 27.400881558592033, 10.920873791840389, 22.507572626869674, 20.46251563194752, 0.0, 0.0, 0.0, 0.0, 0.0, 0.0, 0.0, 0.0, 0.0, 0.0, 0.0, 0.0, 0.0, 0.0, 0.0, 0.0, 0.0, 0.0, 0.0, 0.0, 0.0, 0.0, 0.0, 0.0, 0.0, 0.0, 0.0, 0.0, 0.0, 0.0], [0.0, 0.0, 0.0, 0.0, 0.0, 0.0, 0.0, 0.0, 0.0, 0.0, 0.0, 0.0, 0.0, 0.0, 0.0, 0.0, 0.0, 0.0, 0.0, 0.0, 0.0, 0.0, 0.0, 0.0, 0.0, 0.0, 0.0, 0.0, 0.0, 0.0, 10.920873791840389, 27.400881558592033, 11.951666359651425, 27.297460025038262, 22.507572626869674, 15.26744300556004, 20.46251563194752, 15.23217649291857, 2.130766850030349, 12.534804443894746, 19.564965681825978, 4.496832487448376, 23.42521335086039, 17.13278221180302, 4.496832487448376, 12.534804443894746, 27.400881558592033, 10.920873791840389, 22.507572626869674, 20.46251563194752, 0.0, 0.0, 0.0, 0.0, 0.0, 0.0, 0.0, 0.0, 0.0, 0.0, 0.0, 0.0, 0.0, 0.0, 0.0, 0.0, 0.0, 0.0, 0.0, 0.0, 0.0, 0.0, 0.0, 0.0, 0.0, 0.0, 0.0, 0.0, 0.0, 0.0], [0.0, 0.0, 0.0, 0.0, 0.0, 0.0, 0.0, 0.0, 0.0, 0.0, 0.0, 0.0, 0.0, 0.0, 0.0, 0.0, 0.0, 0.0, 0.0, 0.0, 0.0, 0.0, 0.0, 0.0, 0.0, 0.0, 0.0, 0.0, 0.0, 0.0, 10.920873791840389, 27.400881558592033, 11.951666359651425, 27.297460025038262, 22.507572626869674, 15.26744300556004, 20.46251563194752, 15.23217649291857, 2.130766850030349, 12.534804443894746, 19.564965681825978, 4.496832487448376, 23.42521335086039, 17.13278221180302, 4.496832487448376, 12.534804443894746, 27.400881558592033, 10.920873791840389, 22.507572626869674, 20.46251563194752, 0.0, 0.0, 0.0, 0.0, 0.0, 0.0, 0.0, 0.0, 0.0, 0.0, 0.0, 0.0, 0.0, 0.0, 0.0, 0.0, 0.0, 0.0, 0.0, 0.0, 0.0, 0.0, 0.0, 0.0, 0.0, 0.0, 0.0, 0.0, 0.0, 0.0], [0.0, 0.0, 0.0, 0.0, 0.0, 0.0, 0.0, 0.0, 0.0, 0.0, 0.0, 0.0, 0.0, 0.0, 0.0, 0.0, 0.0, 0.0, 0.0, 0.0, 0.0, 0.0, 0.0, 0.0, 0.0, 0.0, 0.0, 0.0, 0.0, 0.0, 10.920873791840389, 27.400881558592033, 11.951666359651425, 27.297460025038262, 22.507572626869674, 15.26744300556004, 20.46251563194752, 15.23217649291857, 2.130766850030349, 12.534804443894746, 19.564965681825978, 4.496832487448376, 23.42521335086039, 17.13278221180302, 4.496832487448376, 12.534804443894746, 27.400881558592033, 10.920873791840389, 22.507572626869674, 20.46251563194752, 0.0, 0.0, 0.0, 0.0, 0.0, 0.0, 0.0, 0.0, 0.0, 0.0, 0.0, 0.0, 0.0, 0.0, 0.0, 0.0, 0.0, 0.0, 0.0, 0.0, 0.0, 0.0, 0.0, 0.0, 0.0, 0.0, 0.0, 0.0, 0.0, 0.0], [0.0, 0.0, 0.0, 0.0, 0.0, 0.0, 0.0, 0.0, 0.0, 0.0, 0.0, 0.0, 0.0, 0.0, 0.0, 0.0, 0.0, 0.0, 0.0, 0.0, 0.0, 0.0, 0.0, 0.0, 0.0, 0.0, 0.0, 0.0, 0.0, 0.0, 10.920873791840389, 27.400881558592033, 11.951666359651425, 27.297460025038262, 22.507572626869674, 15.26744300556004, 20.46251563194752, 15.23217649291857, 2.130766850030349, 12.534804443894746, 19.564965681825978, 4.496832487448376, 23.42521335086039, 17.13278221180302, 4.496832487448376, 12.534804443894746, 27.400881558592033, 10.920873791840389, 22.507572626869674, 20.46251563194752, 0.0, 0.0, 0.0, 0.0, 0.0, 0.0, 0.0, 0.0, 0.0, 0.0, 0.0, 0.0, 0.0, 0.0, 0.0, 0.0, 0.0, 0.0, 0.0, 0.0, 0.0, 0.0, 0.0, 0.0, 0.0, 0.0, 0.0, 0.0, 0.0, 0.0], [0.0, 0.0, 0.0, 0.0, 0.0, 0.0, 0.0, 0.0, 0.0, 0.0, 0.0, 0.0, 0.0, 0.0, 0.0, 0.0, 0.0, 0.0, 0.0, 0.0, 0.0, 0.0, 0.0, 0.0, 0.0, 0.0, 0.0, 0.0, 0.0, 0.0, 10.920873791840389, 27.400881558592033, 11.951666359651425, 27.297460025038262, 22.507572626869674, 15.26744300556004, 20.46251563194752, 15.23217649291857, 2.130766850030349, 12.534804443894746, 19.564965681825978, 4.496832487448376, 23.42521335086039, 17.13278221180302, 4.496832487448376, 12.534804443894746, 27.400881558592033, 10.920873791840389, 22.507572626869674, 20.46251563194752, 0.0, 0.0, 0.0, 0.0, 0.0, 0.0, 0.0, 0.0, 0.0, 0.0, 0.0, 0.0, 0.0, 0.0, 0.0, 0.0, 0.0, 0.0, 0.0, 0.0, 0.0, 0.0, 0.0, 0.0, 0.0, 0.0, 0.0, 0.0, 0.0, 0.0], [0.0, 0.0, 0.0, 0.0, 0.0, 0.0, 0.0, 0.0, 0.0, 0.0, 0.0, 0.0, 0.0, 0.0, 0.0, 0.0, 0.0, 0.0, 0.0, 0.0, 0.0, 0.0, 0.0, 0.0, 0.0, 0.0, 0.0, 0.0, 0.0, 0.0, 10.920873791840389, 27.400881558592033, 11.951666359651425, 27.297460025038262, 22.507572626869674, 15.26744300556004, 20.46251563194752, 15.23217649291857, 2.130766850030349, 12.534804443894746, 19.564965681825978, 4.496832487448376, 23.42521335086039, 17.13278221180302, 4.496832487448376, 12.534804443894746, 27.400881558592033, 10.920873791840389, 22.507572626869674, 20.46251563194752, 0.0, 0.0, 0.0, 0.0, 0.0, 0.0, 0.0, 0.0, 0.0, 0.0, 0.0, 0.0, 0.0, 0.0, 0.0, 0.0, 0.0, 0.0, 0.0, 0.0, 0.0, 0.0, 0.0, 0.0, 0.0, 0.0, 0.0, 0.0, 0.0, 0.0], [0.0, 0.0, 0.0, 0.0, 0.0, 0.0, 0.0, 0.0, 0.0, 0.0, 0.0, 0.0, 0.0, 0.0, 0.0, 0.0, 0.0, 0.0, 0.0, 0.0, 0.0, 0.0, 0.0, 0.0, 0.0, 0.0, 0.0, 0.0, 0.0, 0.0, 10.920873791840389, 27.400881558592033, 11.951666359651425, 27.297460025038262, 22.507572626869674, 15.26744300556004, 20.46251563194752, 15.23217649291857, 2.130766850030349, 12.534804443894746, 19.564965681825978, 4.496832487448376, 23.42521335086039, 17.13278221180302, 4.496832487448376, 12.534804443894746, 27.400881558592033, 10.920873791840389, 22.507572626869674, 20.46251563194752, 0.0, 0.0, 0.0, 0.0, 0.0, 0.0, 0.0, 0.0, 0.0, 0.0, 0.0, 0.0, 0.0, 0.0, 0.0, 0.0, 0.0, 0.0, 0.0, 0.0, 0.0, 0.0, 0.0, 0.0, 0.0, 0.0, 0.0, 0.0, 0.0, 0.0], [0.0, 0.0, 0.0, 0.0, 0.0, 0.0, 0.0, 0.0, 0.0, 0.0, 0.0, 0.0, 0.0, 0.0, 0.0, 0.0, 0.0, 0.0, 0.0, 0.0, 0.0, 0.0, 0.0, 0.0, 0.0, 0.0, 0.0, 0.0, 0.0, 0.0, 10.920873791840389, 27.400881558592033, 11.951666359651425, 27.297460025038262, 22.507572626869674, 15.26744300556004, 20.46251563194752, 15.23217649291857, 2.130766850030349, 12.534804443894746, 19.564965681825978, 4.496832487448376, 23.42521335086039, 17.13278221180302, 4.496832487448376, 12.534804443894746, 27.400881558592033, 10.920873791840389, 22.507572626869674, 20.46251563194752, 0.0, 0.0, 0.0, 0.0, 0.0, 0.0, 0.0, 0.0, 0.0, 0.0, 0.0, 0.0, 0.0, 0.0, 0.0, 0.0, 0.0, 0.0, 0.0, 0.0, 0.0, 0.0, 0.0, 0.0, 0.0, 0.0, 0.0, 0.0, 0.0, 0.0], [0.0, 0.0, 0.0, 0.0, 0.0, 0.0, 0.0, 0.0, 0.0, 0.0, 0.0, 0.0, 0.0, 0.0, 0.0, 0.0, 0.0, 0.0, 0.0, 0.0, 0.0, 0.0, 0.0, 0.0, 0.0, 0.0, 0.0, 0.0, 0.0, 0.0, 10.920873791840389, 27.400881558592033, 11.951666359651425, 27.297460025038262, 22.507572626869674, 15.26744300556004, 20.46251563194752, 15.23217649291857, 2.130766850030349, 12.534804443894746, 19.564965681825978, 4.496832487448376, 23.42521335086039, 17.13278221180302, 4.496832487448376, 12.534804443894746, 27.400881558592033, 10.920873791840389, 22.507572626869674, 20.46251563194752, 0.0, 0.0, 0.0, 0.0, 0.0, 0.0, 0.0, 0.0, 0.0, 0.0, 0.0, 0.0, 0.0, 0.0, 0.0, 0.0, 0.0, 0.0, 0.0, 0.0, 0.0, 0.0, 0.0, 0.0, 0.0, 0.0, 0.0, 0.0, 0.0, 0.0], [0.0, 0.0, 0.0, 0.0, 0.0, 0.0, 0.0, 0.0, 0.0, 0.0, 0.0, 0.0, 0.0, 0.0, 0.0, 0.0, 0.0, 0.0, 0.0, 0.0, 0.0, 0.0, 0.0, 0.0, 0.0, 0.0, 0.0, 0.0, 0.0, 0.0, 10.920873791840389, 27.400881558592033, 11.951666359651425, 27.297460025038262, 22.507572626869674, 15.26744300556004, 20.46251563194752, 15.23217649291857, 2.130766850030349, 12.534804443894746, 19.564965681825978, 4.496832487448376, 23.42521335086039, 17.13278221180302, 4.496832487448376, 12.534804443894746, 27.400881558592033, 10.920873791840389, 22.507572626869674, 20.46251563194752, 0.0, 0.0, 0.0, 0.0, 0.0, 0.0, 0.0, 0.0, 0.0, 0.0, 0.0, 0.0, 0.0, 0.0, 0.0, 0.0, 0.0, 0.0, 0.0, 0.0, 0.0, 0.0, 0.0, 0.0, 0.0, 0.0, 0.0, 0.0, 0.0, 0.0], [0.0, 0.0, 0.0, 0.0, 0.0, 0.0, 0.0, 0.0, 0.0, 0.0, 0.0, 0.0, 0.0, 0.0, 0.0, 0.0, 0.0, 0.0, 0.0, 0.0, 0.0, 0.0, 0.0, 0.0, 0.0, 0.0, 0.0, 0.0, 0.0, 0.0, 10.920873791840389, 27.400881558592033, 11.951666359651425, 27.297460025038262, 22.507572626869674, 15.26744300556004, 20.46251563194752, 15.23217649291857, 2.130766850030349, 12.534804443894746, 19.564965681825978, 4.496832487448376, 23.42521335086039, 17.13278221180302, 4.496832487448376, 12.534804443894746, 27.400881558592033, 10.920873791840389, 22.507572626869674, 20.46251563194752, 0.0, 0.0, 0.0, 0.0, 0.0, 0.0, 0.0, 0.0, 0.0, 0.0, 0.0, 0.0, 0.0, 0.0, 0.0, 0.0, 0.0, 0.0, 0.0, 0.0, 0.0, 0.0, 0.0, 0.0, 0.0, 0.0, 0.0, 0.0, 0.0, 0.0], [0.0, 0.0, 0.0, 0.0, 0.0, 0.0, 0.0, 0.0, 0.0, 0.0, 0.0, 0.0, 0.0, 0.0, 0.0, 0.0, 0.0, 0.0, 0.0, 0.0, 0.0, 0.0, 0.0, 0.0, 0.0, 0.0, 0.0, 0.0, 0.0, 0.0, 10.920873791840389, 27.400881558592033, 11.951666359651425, 27.297460025038262, 22.507572626869674, 15.26744300556004, 20.46251563194752, 15.23217649291857, 2.130766850030349, 12.534804443894746, 19.564965681825978, 4.496832487448376, 23.42521335086039, 17.13278221180302, 4.496832487448376, 12.534804443894746, 27.400881558592033, 10.920873791840389, 22.507572626869674, 20.46251563194752, 0.0, 0.0, 0.0, 0.0, 0.0, 0.0, 0.0, 0.0, 0.0, 0.0, 0.0, 0.0, 0.0, 0.0, 0.0, 0.0, 0.0, 0.0, 0.0, 0.0, 0.0, 0.0, 0.0, 0.0, 0.0, 0.0, 0.0, 0.0, 0.0, 0.0], [0.0, 0.0, 0.0, 0.0, 0.0, 0.0, 0.0, 0.0, 0.0, 0.0, 0.0, 0.0, 0.0, 0.0, 0.0, 0.0, 0.0, 0.0, 0.0, 0.0, 0.0, 0.0, 0.0, 0.0, 0.0, 0.0, 0.0, 0.0, 0.0, 0.0, 10.920873791840389, 27.400881558592033, 11.951666359651425, 27.297460025038262, 22.507572626869674, 15.26744300556004, 20.46251563194752, 15.23217649291857, 2.130766850030349, 12.534804443894746, 19.564965681825978, 4.496832487448376, 23.42521335086039, 17.13278221180302, 4.496832487448376, 12.534804443894746, 27.400881558592033, 10.920873791840389, 22.507572626869674, 20.46251563194752, 0.0, 0.0, 0.0, 0.0, 0.0, 0.0, 0.0, 0.0, 0.0, 0.0, 0.0, 0.0, 0.0, 0.0, 0.0, 0.0, 0.0, 0.0, 0.0, 0.0, 0.0, 0.0, 0.0, 0.0, 0.0, 0.0, 0.0, 0.0, 0.0, 0.0], [0.0, 0.0, 0.0, 0.0, 0.0, 0.0, 0.0, 0.0, 0.0, 0.0, 0.0, 0.0, 0.0, 0.0, 0.0, 0.0, 0.0, 0.0, 0.0, 0.0, 0.0, 0.0, 0.0, 0.0, 0.0, 0.0, 0.0, 0.0, 0.0, 0.0, 10.920873791840389, 27.400881558592033, 11.951666359651425, 27.297460025038262, 22.507572626869674, 15.26744300556004, 20.46251563194752, 15.23217649291857, 2.130766850030349, 12.534804443894746, 19.564965681825978, 4.496832487448376, 23.42521335086039, 17.13278221180302, 4.496832487448376, 12.534804443894746, 27.400881558592033, 10.920873791840389, 22.507572626869674, 20.46251563194752, 0.0, 0.0, 0.0, 0.0, 0.0, 0.0, 0.0, 0.0, 0.0, 0.0, 0.0, 0.0, 0.0, 0.0, 0.0, 0.0, 0.0, 0.0, 0.0, 0.0, 0.0, 0.0, 0.0, 0.0, 0.0, 0.0, 0.0, 0.0, 0.0, 0.0], [0.0, 0.0, 0.0, 0.0, 0.0, 0.0, 0.0, 0.0, 0.0, 0.0, 0.0, 0.0, 0.0, 0.0, 0.0, 0.0, 0.0, 0.0, 0.0, 0.0, 0.0, 0.0, 0.0, 0.0, 0.0, 0.0, 0.0, 0.0, 0.0, 0.0, 10.920873791840389, 27.400881558592033, 11.951666359651425, 27.297460025038262, 22.507572626869674, 15.26744300556004, 20.46251563194752, 15.23217649291857, 2.130766850030349, 12.534804443894746, 19.564965681825978, 4.496832487448376, 23.42521335086039, 17.13278221180302, 4.496832487448376, 12.534804443894746, 27.400881558592033, 10.920873791840389, 22.507572626869674, 20.46251563194752, 0.0, 0.0, 0.0, 0.0, 0.0, 0.0, 0.0, 0.0, 0.0, 0.0, 0.0, 0.0, 0.0, 0.0, 0.0, 0.0, 0.0, 0.0, 0.0, 0.0, 0.0, 0.0, 0.0, 0.0, 0.0, 0.0, 0.0, 0.0, 0.0, 0.0], [0.0, 0.0, 0.0, 0.0, 0.0, 0.0, 0.0, 0.0, 0.0, 0.0, 0.0, 0.0, 0.0, 0.0, 0.0, 0.0, 0.0, 0.0, 0.0, 0.0, 0.0, 0.0, 0.0, 0.0, 0.0, 0.0, 0.0, 0.0, 0.0, 0.0, 10.920873791840389, 27.400881558592033, 11.951666359651425, 27.297460025038262, 22.507572626869674, 15.26744300556004, 20.46251563194752, 15.23217649291857, 2.130766850030349, 12.534804443894746, 19.564965681825978, 4.496832487448376, 23.42521335086039, 17.13278221180302, 4.496832487448376, 12.534804443894746, 27.400881558592033, 10.920873791840389, 22.507572626869674, 20.46251563194752, 0.0, 0.0, 0.0, 0.0, 0.0, 0.0, 0.0, 0.0, 0.0, 0.0, 0.0, 0.0, 0.0, 0.0, 0.0, 0.0, 0.0, 0.0, 0.0, 0.0, 0.0, 0.0, 0.0, 0.0, 0.0, 0.0, 0.0, 0.0, 0.0, 0.0], [0.0, 0.0, 0.0, 0.0, 0.0, 0.0, 0.0, 0.0, 0.0, 0.0, 0.0, 0.0, 0.0, 0.0, 0.0, 0.0, 0.0, 0.0, 0.0, 0.0, 0.0, 0.0, 0.0, 0.0, 0.0, 0.0, 0.0, 0.0, 0.0, 0.0, 10.920873791840389, 27.400881558592033, 11.951666359651425, 27.297460025038262, 22.507572626869674, 15.26744300556004, 20.46251563194752, 15.23217649291857, 2.130766850030349, 12.534804443894746, 19.564965681825978, 4.496832487448376, 23.42521335086039, 17.13278221180302, 4.496832487448376, 12.534804443894746, 27.400881558592033, 10.920873791840389, 22.507572626869674, 20.46251563194752, 0.0, 0.0, 0.0, 0.0, 0.0, 0.0, 0.0, 0.0, 0.0, 0.0, 0.0, 0.0, 0.0, 0.0, 0.0, 0.0, 0.0, 0.0, 0.0, 0.0, 0.0, 0.0, 0.0, 0.0, 0.0, 0.0, 0.0, 0.0, 0.0, 0.0], [0.0, 0.0, 0.0, 0.0, 0.0, 0.0, 0.0, 0.0, 0.0, 0.0, 0.0, 0.0, 0.0, 0.0, 0.0, 0.0, 0.0, 0.0, 0.0, 0.0, 0.0, 0.0, 0.0, 0.0, 0.0, 0.0, 0.0, 0.0, 0.0, 0.0, 10.920873791840389, 27.400881558592033, 11.951666359651425, 27.297460025038262, 22.507572626869674, 15.26744300556004, 20.46251563194752, 15.23217649291857, 2.130766850030349, 12.534804443894746, 19.564965681825978, 4.496832487448376, 23.42521335086039, 17.13278221180302, 4.496832487448376, 12.534804443894746, 27.400881558592033, 10.920873791840389, 22.507572626869674, 20.46251563194752, 0.0, 0.0, 0.0, 0.0, 0.0, 0.0, 0.0, 0.0, 0.0, 0.0, 0.0, 0.0, 0.0, 0.0, 0.0, 0.0, 0.0, 0.0, 0.0, 0.0, 0.0, 0.0, 0.0, 0.0, 0.0, 0.0, 0.0, 0.0, 0.0, 0.0], [0.0, 0.0, 0.0, 0.0, 0.0, 0.0, 0.0, 0.0, 0.0, 0.0, 0.0, 0.0, 0.0, 0.0, 0.0, 0.0, 0.0, 0.0, 0.0, 0.0, 0.0, 0.0, 0.0, 0.0, 0.0, 0.0, 0.0, 0.0, 0.0, 0.0, 10.920873791840389, 27.400881558592033, 11.951666359651425, 27.297460025038262, 22.507572626869674, 15.26744300556004, 20.46251563194752, 15.23217649291857, 2.130766850030349, 12.534804443894746, 19.564965681825978, 4.496832487448376, 23.42521335086039, 17.13278221180302, 4.496832487448376, 12.534804443894746, 27.400881558592033, 10.920873791840389, 22.507572626869674, 20.46251563194752, 0.0, 0.0, 0.0, 0.0, 0.0, 0.0, 0.0, 0.0, 0.0, 0.0, 0.0, 0.0, 0.0, 0.0, 0.0, 0.0, 0.0, 0.0, 0.0, 0.0, 0.0, 0.0, 0.0, 0.0, 0.0, 0.0, 0.0, 0.0, 0.0, 0.0], [10.920873791840389, 10.920873791840389, 10.920873791840389, 10.920873791840389, 10.920873791840389, 10.920873791840389, 10.920873791840389, 10.920873791840389, 10.920873791840389, 10.920873791840389, 10.920873791840389, 10.920873791840389, 10.920873791840389, 10.920873791840389, 10.920873791840389, 10.920873791840389, 10.920873791840389, 10.920873791840389, 10.920873791840389, 10.920873791840389, 10.920873791840389, 10.920873791840389, 10.920873791840389, 10.920873791840389, 10.920873791840389, 10.920873791840389, 10.920873791840389, 10.920873791840389, 10.920873791840389, 10.920873791840389, 0.0, 16.671812229959418, 12.205688323436164, 16.868259121875592, 18.23746517038705, 4.732994576090036, 9.56846689632163, 15.474825802946732, 9.291561365978088, 3.4452741499297574, 13.208720674381073, 14.230631612022687, 20.99119488031269, 10.428170729630047, 14.230631612022687, 3.4452741499297574, 16.671812229959418, 0.0, 18.23746517038705, 9.56846689632163, 10.920873791840389, 10.920873791840389, 10.920873791840389, 10.920873791840389, 10.920873791840389, 10.920873791840389, 10.920873791840389, 10.920873791840389, 10.920873791840389, 10.920873791840389, 10.920873791840389, 10.920873791840389, 10.920873791840389, 10.920873791840389, 10.920873791840389, 10.920873791840389, 10.920873791840389, 10.920873791840389, 10.920873791840389, 10.920873791840389, 10.920873791840389, 10.920873791840389, 10.920873791840389, 10.920873791840389, 10.920873791840389, 10.920873791840389, 10.920873791840389, 10.920873791840389, 10.920873791840389, 10.920873791840389], [27.400881558592033, 27.400881558592033, 27.400881558592033, 27.400881558592033, 27.400881558592033, 27.400881558592033, 27.400881558592033, 27.400881558592033, 27.400881558592033, 27.400881558592033, 27.400881558592033, 27.400881558592033, 27.400881558592033, 27.400881558592033, 27.400881558592033, 27.400881558592033, 27.400881558592033, 27.400881558592033, 27.400881558592033, 27.400881558592033, 27.400881558592033, 27.400881558592033, 27.400881558592033, 27.400881558592033, 27.400881558592033, 27.400881558592033, 27.400881558592033, 27.400881558592033, 27.400881558592033, 27.400881558592033, 16.671812229959418, 0.0, 22.956603908597437, 2.429907434669256, 19.63448232504705, 13.506230027366744, 8.314680600523923, 24.30970618219684, 25.930581694933252, 15.017901473276176, 14.842907835914035, 30.0, 23.83112544079427, 14.49131253706131, 30.0, 15.017901473276176, 0.0, 16.671812229959418, 19.63448232504705, 8.314680600523923, 27.400881558592033, 27.400881558592033, 27.400881558592033, 27.400881558592033, 27.400881558592033, 27.400881558592033, 27.400881558592033, 27.400881558592033, 27.400881558592033, 27.400881558592033, 27.400881558592033, 27.400881558592033, 27.400881558592033, 27.400881558592033, 27.400881558592033, 27.400881558592033, 27.400881558592033, 27.400881558592033, 27.400881558592033, 27.400881558592033, 27.400881558592033, 27.400881558592033, 27.400881558592033, 27.400881558592033, 27.400881558592033, 27.400881558592033, 27.400881558592033, 27.400881558592033, 27.400881558592033, 27.400881558592033], [11.951666359651425, 11.951666359651425, 11.951666359651425, 11.951666359651425, 11.951666359651425, 11.951666359651425, 11.951666359651425, 11.951666359651425, 11.951666359651425, 11.951666359651425, 11.951666359651425, 11.951666359651425, 11.951666359651425, 11.951666359651425, 11.951666359651425, 11.951666359651425, 11.951666359651425, 11.951666359651425, 11.951666359651425, 11.951666359651425, 11.951666359651425, 11.951666359651425, 11.951666359651425, 11.951666359651425, 11.951666359651425, 11.951666359651425, 11.951666359651425, 11.951666359651425, 11.951666359651425, 11.951666359651425, 12.205688323436164, 22.956603908597437, 0.0, 21.822551052893957, 11.009246428575205, 16.341062477117255, 19.25969694142774, 3.575616258525535, 12.52323431873349, 10.239995991468929, 9.980854285702907, 10.892935649979423, 11.475385369263428, 8.776205406289803, 10.892935649979423, 10.239995991468929, 22.956603908597437, 12.205688323436164, 11.009246428575205, 19.25969694142774, 11.951666359651425, 11.951666359651425, 11.951666359651425, 11.951666359651425, 11.951666359651425, 11.951666359651425, 11.951666359651425, 11.951666359651425, 11.951666359651425, 11.951666359651425, 11.951666359651425, 11.951666359651425, 11.951666359651425, 11.951666359651425, 11.951666359651425, 11.951666359651425, 11.951666359651425, 11.951666359651425, 11.951666359651425, 11.951666359651425, 11.951666359651425, 11.951666359651425, 11.951666359651425, 11.951666359651425, 11.951666359651425, 11.951666359651425, 11.951666359651425, 11.951666359651425, 11.951666359651425, 11.951666359651425], [27.297460025038262, 27.297460025038262, 27.297460025038262, 27.297460025038262, 27.297460025038262, 27.297460025038262, 27.297460025038262, 27.297460025038262, 27.297460025038262, 27.297460025038262, 27.297460025038262, 27.297460025038262, 27.297460025038262, 27.297460025038262, 27.297460025038262, 27.297460025038262, 27.297460025038262, 27.297460025038262, 27.297460025038262, 27.297460025038262, 27.297460025038262, 27.297460025038262, 27.297460025038262, 27.297460025038262, 27.297460025038262, 27.297460025038262, 27.297460025038262, 27.297460025038262, 27.297460025038262, 27.297460025038262, 16.868259121875592, 2.429907434669256, 21.822551052893957, 0.0, 17.592310737593266, 14.287967742386087, 9.54089967809238, 22.873715097880282, 25.973778217626414, 14.77060876983614, 13.11726744286481, 29.576989240494736, 21.787780757337536, 13.142428834436036, 29.576989240494736, 14.77060876983614, 2.429907434669256, 16.868259121875592, 17.592310737593266, 9.54089967809238, 27.297460025038262, 27.297460025038262, 27.297460025038262, 27.297460025038262, 27.297460025038262, 27.297460025038262, 27.297460025038262, 27.297460025038262, 27.297460025038262, 27.297460025038262, 27.297460025038262, 27.297460025038262, 27.297460025038262, 27.297460025038262, 27.297460025038262, 27.297460025038262, 27.297460025038262, 27.297460025038262, 27.297460025038262, 27.297460025038262, 27.297460025038262, 27.297460025038262, 27.297460025038262, 27.297460025038262, 27.297460025038262, 27.297460025038262, 27.297460025038262, 27.297460025038262, 27.297460025038262, 27.297460025038262], [22.507572626869674, 22.507572626869674, 22.507572626869674, 22.507572626869674, 22.507572626869674, 22.507572626869674, 22.507572626869674, 22.507572626869674, 22.507572626869674, 22.507572626869674, 22.507572626869674, 22.507572626869674, 22.507572626869674, 22.507572626869674, 22.507572626869674, 22.507572626869674, 22.507572626869674, 22.507572626869674, 22.507572626869674, 22.507572626869674, 22.507572626869674, 22.507572626869674, 22.507572626869674, 22.507572626869674, 22.507572626869674, 22.507572626869674, 22.507572626869674, 22.507572626869674, 22.507572626869674, 22.507572626869674, 18.23746517038705, 19.63448232504705, 11.009246428575205, 17.592310737593266, 0.0, 20.34299997757728, 20.29451766747983, 9.101145758107055, 22.599022211623215, 14.889467147260607, 5.721012812970799, 21.901718391198557, 4.1982428659487185, 8.09228622836024, 21.901718391198557, 14.889467147260607, 19.63448232504705, 18.23746517038705, 0.0, 20.29451766747983, 22.507572626869674, 22.507572626869674, 22.507572626869674, 22.507572626869674, 22.507572626869674, 22.507572626869674, 22.507572626869674, 22.507572626869674, 22.507572626869674, 22.507572626869674, 22.507572626869674, 22.507572626869674, 22.507572626869674, 22.507572626869674, 22.507572626869674, 22.507572626869674, 22.507572626869674, 22.507572626869674, 22.507572626869674, 22.507572626869674, 22.507572626869674, 22.507572626869674, 22.507572626869674, 22.507572626869674, 22.507572626869674, 22.507572626869674, 22.507572626869674, 22.507572626869674, 22.507572626869674, 22.507572626869674], [15.26744300556004, 15.26744300556004, 15.26744300556004, 15.26744300556004, 15.26744300556004, 15.26744300556004, 15.26744300556004, 15.26744300556004, 15.26744300556004, 15.26744300556004, 15.26744300556004, 15.26744300556004, 15.26744300556004, 15.26744300556004, 15.26744300556004, 15.26744300556004, 15.26744300556004, 15.26744300556004, 15.26744300556004, 15.26744300556004, 15.26744300556004, 15.26744300556004, 15.26744300556004, 15.26744300556004, 15.26744300556004, 15.26744300556004, 15.26744300556004, 15.26744300556004, 15.26744300556004, 15.26744300556004, 4.732994576090036, 13.506230027366744, 16.341062477117255, 14.287967742386087, 20.34299997757728, 0.0, 5.472064118518016, 19.33441606824152, 13.424489596867028, 6.212487419813197, 14.773015404988117, 18.860910005905332, 23.6646215901825, 12.253838878096072, 18.860910005905332, 6.212487419813197, 13.506230027366744, 4.732994576090036, 20.34299997757728, 5.472064118518016, 15.26744300556004, 15.26744300556004, 15.26744300556004, 15.26744300556004, 15.26744300556004, 15.26744300556004, 15.26744300556004, 15.26744300556004, 15.26744300556004, 15.26744300556004, 15.26744300556004, 15.26744300556004, 15.26744300556004, 15.26744300556004, 15.26744300556004, 15.26744300556004, 15.26744300556004, 15.26744300556004, 15.26744300556004, 15.26744300556004, 15.26744300556004, 15.26744300556004, 15.26744300556004, 15.26744300556004, 15.26744300556004, 15.26744300556004, 15.26744300556004, 15.26744300556004, 15.26744300556004, 15.26744300556004], [20.46251563194752, 20.46251563194752, 20.46251563194752, 20.46251563194752, 20.46251563194752, 20.46251563194752, 20.46251563194752, 20.46251563194752, 20.46251563194752, 20.46251563194752, 20.46251563194752, 20.46251563194752, 20.46251563194752, 20.46251563194752, 20.46251563194752, 20.46251563194752, 20.46251563194752, 20.46251563194752, 20.46251563194752, 20.46251563194752, 20.46251563194752, 20.46251563194752, 20.46251563194752, 20.46251563194752, 20.46251563194752, 20.46251563194752, 20.46251563194752, 20.46251563194752, 20.46251563194752, 20.46251563194752, 9.56846689632163, 8.314680600523923, 19.25969694142774, 9.54089967809238, 20.29451766747983, 5.472064118518016, 0.0, 21.66976372983904, 18.72555858043433, 9.333442234093825, 14.595587225529686, 23.741259146688883, 24.146002709394594, 12.758085225013879, 23.741259146688883, 9.333442234093825, 8.314680600523923, 9.56846689632163, 20.29451766747983, 0.0, 20.46251563194752, 20.46251563194752, 20.46251563194752, 20.46251563194752, 20.46251563194752, 20.46251563194752, 20.46251563194752, 20.46251563194752, 20.46251563194752, 20.46251563194752, 20.46251563194752, 20.46251563194752, 20.46251563194752, 20.46251563194752, 20.46251563194752, 20.46251563194752, 20.46251563194752, 20.46251563194752, 20.46251563194752, 20.46251563194752, 20.46251563194752, 20.46251563194752, 20.46251563194752, 20.46251563194752, 20.46251563194752, 20.46251563194752, 20.46251563194752, 20.46251563194752, 20.46251563194752, 20.46251563194752], [15.23217649291857, 15.23217649291857, 15.23217649291857, 15.23217649291857, 15.23217649291857, 15.23217649291857, 15.23217649291857, 15.23217649291857, 15.23217649291857, 15.23217649291857, 15.23217649291857, 15.23217649291857, 15.23217649291857, 15.23217649291857, 15.23217649291857, 15.23217649291857, 15.23217649291857, 15.23217649291857, 15.23217649291857, 15.23217649291857, 15.23217649291857, 15.23217649291857, 15.23217649291857, 15.23217649291857, 15.23217649291857, 15.23217649291857, 15.23217649291857, 15.23217649291857, 15.23217649291857, 15.23217649291857, 15.474825802946732, 24.30970618219684, 3.575616258525535, 22.873715097880282, 9.101145758107055, 19.33441606824152, 21.66976372983904, 0.0, 15.976544925874999, 13.129093356999055, 10.038238996737373, 13.521263883385137, 8.489239200597556, 9.82151487146065, 13.521263883385137, 13.129093356999055, 24.30970618219684, 15.474825802946732, 9.101145758107055, 21.66976372983904, 15.23217649291857, 15.23217649291857, 15.23217649291857, 15.23217649291857, 15.23217649291857, 15.23217649291857, 15.23217649291857, 15.23217649291857, 15.23217649291857, 15.23217649291857, 15.23217649291857, 15.23217649291857, 15.23217649291857, 15.23217649291857, 15.23217649291857, 15.23217649291857, 15.23217649291857, 15.23217649291857, 15.23217649291857, 15.23217649291857, 15.23217649291857, 15.23217649291857, 15.23217649291857, 15.23217649291857, 15.23217649291857, 15.23217649291857, 15.23217649291857, 15.23217649291857, 15.23217649291857, 15.23217649291857], [2.130766850030349, 2.130766850030349, 2.130766850030349, 2.130766850030349, 2.130766850030349, 2.130766850030349, 2.130766850030349, 2.130766850030349, 2.130766850030349, 2.130766850030349, 2.130766850030349, 2.130766850030349, 2.130766850030349, 2.130766850030349, 2.130766850030349, 2.130766850030349, 2.130766850030349, 2.130766850030349, 2.130766850030349, 2.130766850030349, 2.130766850030349, 2.130766850030349, 2.130766850030349, 2.130766850030349, 2.130766850030349, 2.130766850030349, 2.130766850030349, 2.130766850030349, 2.130766850030349, 2.130766850030349, 9.291561365978088, 25.930581694933252, 12.52323431873349, 25.973778217626414, 22.599022211623215, 13.424489596867028, 18.72555858043433, 15.976544925874999, 0.0, 11.325991666092593, 19.173351087049298, 6.586274417081258, 23.887131540501027, 16.599624797212613, 6.586274417081258, 11.325991666092593, 25.930581694933252, 9.291561365978088, 22.599022211623215, 18.72555858043433, 2.130766850030349, 2.130766850030349, 2.130766850030349, 2.130766850030349, 2.130766850030349, 2.130766850030349, 2.130766850030349, 2.130766850030349, 2.130766850030349, 2.130766850030349, 2.130766850030349, 2.130766850030349, 2.130766850030349, 2.130766850030349, 2.130766850030349, 2.130766850030349, 2.130766850030349, 2.130766850030349, 2.130766850030349, 2.130766850030349, 2.130766850030349, 2.130766850030349, 2.130766850030349, 2.130766850030349, 2.130766850030349, 2.130766850030349, 2.130766850030349, 2.130766850030349, 2.130766850030349, 2.130766850030349], [12.534804443894746, 12.534804443894746, 12.534804443894746, 12.534804443894746, 12.534804443894746, 12.534804443894746, 12.534804443894746, 12.534804443894746, 12.534804443894746, 12.534804443894746, 12.534804443894746, 12.534804443894746, 12.534804443894746, 12.534804443894746, 12.534804443894746, 12.534804443894746, 12.534804443894746, 12.534804443894746, 12.534804443894746, 12.534804443894746, 12.534804443894746, 12.534804443894746, 12.534804443894746, 12.534804443894746, 12.534804443894746, 12.534804443894746, 12.534804443894746, 12.534804443894746, 12.534804443894746, 12.534804443894746, 3.4452741499297574, 15.017901473276176, 10.239995991468929, 14.77060876983614, 14.889467147260607, 6.212487419813197, 9.333442234093825, 13.129093356999055, 11.325991666092593, 0.0, 9.766951837033286, 14.997639169631732, 17.83290717885106, 6.992397753906127, 14.997639169631732, 0.0, 15.017901473276176, 3.4452741499297574, 14.889467147260607, 9.333442234093825, 12.534804443894746, 12.534804443894746, 12.534804443894746, 12.534804443894746, 12.534804443894746, 12.534804443894746, 12.534804443894746, 12.534804443894746, 12.534804443894746, 12.534804443894746, 12.534804443894746, 12.534804443894746, 12.534804443894746, 12.534804443894746, 12.534804443894746, 12.534804443894746, 12.534804443894746, 12.534804443894746, 12.534804443894746, 12.534804443894746, 12.534804443894746, 12.534804443894746, 12.534804443894746, 12.534804443894746, 12.534804443894746, 12.534804443894746, 12.534804443894746, 12.534804443894746, 12.534804443894746, 12.534804443894746], [19.564965681825978, 19.564965681825978, 19.564965681825978, 19.564965681825978, 19.564965681825978, 19.564965681825978, 19.564965681825978, 19.564965681825978, 19.564965681825978, 19.564965681825978, 19.564965681825978, 19.564965681825978, 19.564965681825978, 19.564965681825978, 19.564965681825978, 19.564965681825978, 19.564965681825978, 19.564965681825978, 19.564965681825978, 19.564965681825978, 19.564965681825978, 19.564965681825978, 19.564965681825978, 19.564965681825978, 19.564965681825978, 19.564965681825978, 19.564965681825978, 19.564965681825978, 19.564965681825978, 19.564965681825978, 13.208720674381073, 14.842907835914035, 9.980854285702907, 13.11726744286481, 5.721012812970799, 14.773015404988117, 14.595587225529686, 10.038238996737373, 19.173351087049298, 9.766951837033286, 0.0, 20.07232111968393, 9.589899979739098, 2.7925268193712887, 20.07232111968393, 9.766951837033286, 14.842907835914035, 13.208720674381073, 5.721012812970799, 14.595587225529686, 19.564965681825978, 19.564965681825978, 19.564965681825978, 19.564965681825978, 19.564965681825978, 19.564965681825978, 19.564965681825978, 19.564965681825978, 19.564965681825978, 19.564965681825978, 19.564965681825978, 19.564965681825978, 19.564965681825978, 19.564965681825978, 19.564965681825978, 19.564965681825978, 19.564965681825978, 19.564965681825978, 19.564965681825978, 19.564965681825978, 19.564965681825978, 19.564965681825978, 19.564965681825978, 19.564965681825978, 19.564965681825978, 19.564965681825978, 19.564965681825978, 19.564965681825978, 19.564965681825978, 19.564965681825978], [4.496832487448376, 4.496832487448376, 4.496832487448376, 4.496832487448376, 4.496832487448376, 4.496832487448376, 4.496832487448376, 4.496832487448376, 4.496832487448376, 4.496832487448376, 4.496832487448376, 4.496832487448376, 4.496832487448376, 4.496832487448376, 4.496832487448376, 4.496832487448376, 4.496832487448376, 4.496832487448376, 4.496832487448376, 4.496832487448376, 4.496832487448376, 4.496832487448376, 4.496832487448376, 4.496832487448376, 4.496832487448376, 4.496832487448376, 4.496832487448376, 4.496832487448376, 4.496832487448376, 4.496832487448376, 14.230631612022687, 30.0, 10.892935649979423, 29.576989240494736, 21.901718391198557, 18.860910005905332, 23.741259146688883, 13.521263883385137, 6.586274417081258, 14.997639169631732, 20.07232111968393, 0.0, 22.006470683585682, 18.0331985528925, 0.0, 14.997639169631732, 30.0, 14.230631612022687, 21.901718391198557, 23.741259146688883, 4.496832487448376, 4.496832487448376, 4.496832487448376, 4.496832487448376, 4.496832487448376, 4.496832487448376, 4.496832487448376, 4.496832487448376, 4.496832487448376, 4.496832487448376, 4.496832487448376, 4.496832487448376, 4.496832487448376, 4.496832487448376, 4.496832487448376, 4.496832487448376, 4.496832487448376, 4.496832487448376, 4.496832487448376, 4.496832487448376, 4.496832487448376, 4.496832487448376, 4.496832487448376, 4.496832487448376, 4.496832487448376, 4.496832487448376, 4.496832487448376, 4.496832487448376, 4.496832487448376, 4.496832487448376], [23.42521335086039, 23.42521335086039, 23.42521335086039, 23.42521335086039, 23.42521335086039, 23.42521335086039, 23.42521335086039, 23.42521335086039, 23.42521335086039, 23.42521335086039, 23.42521335086039, 23.42521335086039, 23.42521335086039, 23.42521335086039, 23.42521335086039, 23.42521335086039, 23.42521335086039, 23.42521335086039, 23.42521335086039, 23.42521335086039, 23.42521335086039, 23.42521335086039, 23.42521335086039, 23.42521335086039, 23.42521335086039, 23.42521335086039, 23.42521335086039, 23.42521335086039, 23.42521335086039, 23.42521335086039, 20.99119488031269, 23.83112544079427, 11.475385369263428, 21.787780757337536, 4.1982428659487185, 23.6646215901825, 24.146002709394594, 8.489239200597556, 23.887131540501027, 17.83290717885106, 9.589899979739098, 22.006470683585682, 0.0, 11.54427387360965, 22.006470683585682, 17.83290717885106, 23.83112544079427, 20.99119488031269, 4.1982428659487185, 24.146002709394594, 23.42521335086039, 23.42521335086039, 23.42521335086039, 23.42521335086039, 23.42521335086039, 23.42521335086039, 23.42521335086039, 23.42521335086039, 23.42521335086039, 23.42521335086039, 23.42521335086039, 23.42521335086039, 23.42521335086039, 23.42521335086039, 23.42521335086039, 23.42521335086039, 23.42521335086039, 23.42521335086039, 23.42521335086039, 23.42521335086039, 23.42521335086039, 23.42521335086039, 23.42521335086039, 23.42521335086039, 23.42521335086039, 23.42521335086039, 23.42521335086039, 23.42521335086039, 23.42521335086039, 23.42521335086039], [17.13278221180302, 17.13278221180302, 17.13278221180302, 17.13278221180302, 17.13278221180302, 17.13278221180302, 17.13278221180302, 17.13278221180302, 17.13278221180302, 17.13278221180302, 17.13278221180302, 17.13278221180302, 17.13278221180302, 17.13278221180302, 17.13278221180302, 17.13278221180302, 17.13278221180302, 17.13278221180302, 17.13278221180302, 17.13278221180302, 17.13278221180302, 17.13278221180302, 17.13278221180302, 17.13278221180302, 17.13278221180302, 17.13278221180302, 17.13278221180302, 17.13278221180302, 17.13278221180302, 17.13278221180302, 10.428170729630047, 14.49131253706131, 8.776205406289803, 13.142428834436036, 8.09228622836024, 12.253838878096072, 12.758085225013879, 9.82151487146065, 16.599624797212613, 6.992397753906127, 2.7925268193712887, 18.0331985528925, 11.54427387360965, 0.0, 18.0331985528925, 6.992397753906127, 14.49131253706131, 10.428170729630047, 8.09228622836024, 12.758085225013879, 17.13278221180302, 17.13278221180302, 17.13278221180302, 17.13278221180302, 17.13278221180302, 17.13278221180302, 17.13278221180302, 17.13278221180302, 17.13278221180302, 17.13278221180302, 17.13278221180302, 17.13278221180302, 17.13278221180302, 17.13278221180302, 17.13278221180302, 17.13278221180302, 17.13278221180302, 17.13278221180302, 17.13278221180302, 17.13278221180302, 17.13278221180302, 17.13278221180302, 17.13278221180302, 17.13278221180302, 17.13278221180302, 17.13278221180302, 17.13278221180302, 17.13278221180302, 17.13278221180302, 17.13278221180302], [4.496832487448376, 4.496832487448376, 4.496832487448376, 4.496832487448376, 4.496832487448376, 4.496832487448376, 4.496832487448376, 4.496832487448376, 4.496832487448376, 4.496832487448376, 4.496832487448376, 4.496832487448376, 4.496832487448376, 4.496832487448376, 4.496832487448376, 4.496832487448376, 4.496832487448376, 4.496832487448376, 4.496832487448376, 4.496832487448376, 4.496832487448376, 4.496832487448376, 4.496832487448376, 4.496832487448376, 4.496832487448376, 4.496832487448376, 4.496832487448376, 4.496832487448376, 4.496832487448376, 4.496832487448376, 14.230631612022687, 30.0, 10.892935649979423, 29.576989240494736, 21.901718391198557, 18.860910005905332, 23.741259146688883, 13.521263883385137, 6.586274417081258, 14.997639169631732, 20.07232111968393, 0.0, 22.006470683585682, 18.0331985528925, 0.0, 14.997639169631732, 30.0, 14.230631612022687, 21.901718391198557, 23.741259146688883, 4.496832487448376, 4.496832487448376, 4.496832487448376, 4.496832487448376, 4.496832487448376, 4.496832487448376, 4.496832487448376, 4.496832487448376, 4.496832487448376, 4.496832487448376, 4.496832487448376, 4.496832487448376, 4.496832487448376, 4.496832487448376, 4.496832487448376, 4.496832487448376, 4.496832487448376, 4.496832487448376, 4.496832487448376, 4.496832487448376, 4.496832487448376, 4.496832487448376, 4.496832487448376, 4.496832487448376, 4.496832487448376, 4.496832487448376, 4.496832487448376, 4.496832487448376, 4.496832487448376, 4.496832487448376], [12.534804443894746, 12.534804443894746, 12.534804443894746, 12.534804443894746, 12.534804443894746, 12.534804443894746, 12.534804443894746, 12.534804443894746, 12.534804443894746, 12.534804443894746, 12.534804443894746, 12.534804443894746, 12.534804443894746, 12.534804443894746, 12.534804443894746, 12.534804443894746, 12.534804443894746, 12.534804443894746, 12.534804443894746, 12.534804443894746, 12.534804443894746, 12.534804443894746, 12.534804443894746, 12.534804443894746, 12.534804443894746, 12.534804443894746, 12.534804443894746, 12.534804443894746, 12.534804443894746, 12.534804443894746, 3.4452741499297574, 15.017901473276176, 10.239995991468929, 14.77060876983614, 14.889467147260607, 6.212487419813197, 9.333442234093825, 13.129093356999055, 11.325991666092593, 0.0, 9.766951837033286, 14.997639169631732, 17.83290717885106, 6.992397753906127, 14.997639169631732, 0.0, 15.017901473276176, 3.4452741499297574, 14.889467147260607, 9.333442234093825, 12.534804443894746, 12.534804443894746, 12.534804443894746, 12.534804443894746, 12.534804443894746, 12.534804443894746, 12.534804443894746, 12.534804443894746, 12.534804443894746, 12.534804443894746, 12.534804443894746, 12.534804443894746, 12.534804443894746, 12.534804443894746, 12.534804443894746, 12.534804443894746, 12.534804443894746, 12.534804443894746, 12.534804443894746, 12.534804443894746, 12.534804443894746, 12.534804443894746, 12.534804443894746, 12.534804443894746, 12.534804443894746, 12.534804443894746, 12.534804443894746, 12.534804443894746, 12.534804443894746, 12.534804443894746], [27.400881558592033, 27.400881558592033, 27.400881558592033, 27.400881558592033, 27.400881558592033, 27.400881558592033, 27.400881558592033, 27.400881558592033, 27.400881558592033, 27.400881558592033, 27.400881558592033, 27.400881558592033, 27.400881558592033, 27.400881558592033, 27.400881558592033, 27.400881558592033, 27.400881558592033, 27.400881558592033, 27.400881558592033, 27.400881558592033, 27.400881558592033, 27.400881558592033, 27.400881558592033, 27.400881558592033, 27.400881558592033, 27.400881558592033, 27.400881558592033, 27.400881558592033, 27.400881558592033, 27.400881558592033, 16.671812229959418, 0.0, 22.956603908597437, 2.429907434669256, 19.63448232504705, 13.506230027366744, 8.314680600523923, 24.30970618219684, 25.930581694933252, 15.017901473276176, 14.842907835914035, 30.0, 23.83112544079427, 14.49131253706131, 30.0, 15.017901473276176, 0.0, 16.671812229959418, 19.63448232504705, 8.314680600523923, 27.400881558592033, 27.400881558592033, 27.400881558592033, 27.400881558592033, 27.400881558592033, 27.400881558592033, 27.400881558592033, 27.400881558592033, 27.400881558592033, 27.400881558592033, 27.400881558592033, 27.400881558592033, 27.400881558592033, 27.400881558592033, 27.400881558592033, 27.400881558592033, 27.400881558592033, 27.400881558592033, 27.400881558592033, 27.400881558592033, 27.400881558592033, 27.400881558592033, 27.400881558592033, 27.400881558592033, 27.400881558592033, 27.400881558592033, 27.400881558592033, 27.400881558592033, 27.400881558592033, 27.400881558592033], [10.920873791840389, 10.920873791840389, 10.920873791840389, 10.920873791840389, 10.920873791840389, 10.920873791840389, 10.920873791840389, 10.920873791840389, 10.920873791840389, 10.920873791840389, 10.920873791840389, 10.920873791840389, 10.920873791840389, 10.920873791840389, 10.920873791840389, 10.920873791840389, 10.920873791840389, 10.920873791840389, 10.920873791840389, 10.920873791840389, 10.920873791840389, 10.920873791840389, 10.920873791840389, 10.920873791840389, 10.920873791840389, 10.920873791840389, 10.920873791840389, 10.920873791840389, 10.920873791840389, 10.920873791840389, 0.0, 16.671812229959418, 12.205688323436164, 16.868259121875592, 18.23746517038705, 4.732994576090036, 9.56846689632163, 15.474825802946732, 9.291561365978088, 3.4452741499297574, 13.208720674381073, 14.230631612022687, 20.99119488031269, 10.428170729630047, 14.230631612022687, 3.4452741499297574, 16.671812229959418, 0.0, 18.23746517038705, 9.56846689632163, 10.920873791840389, 10.920873791840389, 10.920873791840389, 10.920873791840389, 10.920873791840389, 10.920873791840389, 10.920873791840389, 10.920873791840389, 10.920873791840389, 10.920873791840389, 10.920873791840389, 10.920873791840389, 10.920873791840389, 10.920873791840389, 10.920873791840389, 10.920873791840389, 10.920873791840389, 10.920873791840389, 10.920873791840389, 10.920873791840389, 10.920873791840389, 10.920873791840389, 10.920873791840389, 10.920873791840389, 10.920873791840389, 10.920873791840389, 10.920873791840389, 10.920873791840389, 10.920873791840389, 10.920873791840389], [22.507572626869674, 22.507572626869674, 22.507572626869674, 22.507572626869674, 22.507572626869674, 22.507572626869674, 22.507572626869674, 22.507572626869674, 22.507572626869674, 22.507572626869674, 22.507572626869674, 22.507572626869674, 22.507572626869674, 22.507572626869674, 22.507572626869674, 22.507572626869674, 22.507572626869674, 22.507572626869674, 22.507572626869674, 22.507572626869674, 22.507572626869674, 22.507572626869674, 22.507572626869674, 22.507572626869674, 22.507572626869674, 22.507572626869674, 22.507572626869674, 22.507572626869674, 22.507572626869674, 22.507572626869674, 18.23746517038705, 19.63448232504705, 11.009246428575205, 17.592310737593266, 0.0, 20.34299997757728, 20.29451766747983, 9.101145758107055, 22.599022211623215, 14.889467147260607, 5.721012812970799, 21.901718391198557, 4.1982428659487185, 8.09228622836024, 21.901718391198557, 14.889467147260607, 19.63448232504705, 18.23746517038705, 0.0, 20.29451766747983, 22.507572626869674, 22.507572626869674, 22.507572626869674, 22.507572626869674, 22.507572626869674, 22.507572626869674, 22.507572626869674, 22.507572626869674, 22.507572626869674, 22.507572626869674, 22.507572626869674, 22.507572626869674, 22.507572626869674, 22.507572626869674, 22.507572626869674, 22.507572626869674, 22.507572626869674, 22.507572626869674, 22.507572626869674, 22.507572626869674, 22.507572626869674, 22.507572626869674, 22.507572626869674, 22.507572626869674, 22.507572626869674, 22.507572626869674, 22.507572626869674, 22.507572626869674, 22.507572626869674, 22.507572626869674], [20.46251563194752, 20.46251563194752, 20.46251563194752, 20.46251563194752, 20.46251563194752, 20.46251563194752, 20.46251563194752, 20.46251563194752, 20.46251563194752, 20.46251563194752, 20.46251563194752, 20.46251563194752, 20.46251563194752, 20.46251563194752, 20.46251563194752, 20.46251563194752, 20.46251563194752, 20.46251563194752, 20.46251563194752, 20.46251563194752, 20.46251563194752, 20.46251563194752, 20.46251563194752, 20.46251563194752, 20.46251563194752, 20.46251563194752, 20.46251563194752, 20.46251563194752, 20.46251563194752, 20.46251563194752, 9.56846689632163, 8.314680600523923, 19.25969694142774, 9.54089967809238, 20.29451766747983, 5.472064118518016, 0.0, 21.66976372983904, 18.72555858043433, 9.333442234093825, 14.595587225529686, 23.741259146688883, 24.146002709394594, 12.758085225013879, 23.741259146688883, 9.333442234093825, 8.314680600523923, 9.56846689632163, 20.29451766747983, 0.0, 20.46251563194752, 20.46251563194752, 20.46251563194752, 20.46251563194752, 20.46251563194752, 20.46251563194752, 20.46251563194752, 20.46251563194752, 20.46251563194752, 20.46251563194752, 20.46251563194752, 20.46251563194752, 20.46251563194752, 20.46251563194752, 20.46251563194752, 20.46251563194752, 20.46251563194752, 20.46251563194752, 20.46251563194752, 20.46251563194752, 20.46251563194752, 20.46251563194752, 20.46251563194752, 20.46251563194752, 20.46251563194752, 20.46251563194752, 20.46251563194752, 20.46251563194752, 20.46251563194752, 20.46251563194752], [0.0, 0.0, 0.0, 0.0, 0.0, 0.0, 0.0, 0.0, 0.0, 0.0, 0.0, 0.0, 0.0, 0.0, 0.0, 0.0, 0.0, 0.0, 0.0, 0.0, 0.0, 0.0, 0.0, 0.0, 0.0, 0.0, 0.0, 0.0, 0.0, 0.0, 10.920873791840389, 27.400881558592033, 11.951666359651425, 27.297460025038262, 22.507572626869674, 15.26744300556004, 20.46251563194752, 15.23217649291857, 2.130766850030349, 12.534804443894746, 19.564965681825978, 4.496832487448376, 23.42521335086039, 17.13278221180302, 4.496832487448376, 12.534804443894746, 27.400881558592033, 10.920873791840389, 22.507572626869674, 20.46251563194752, 0.0, 0.0, 0.0, 0.0, 0.0, 0.0, 0.0, 0.0, 0.0, 0.0, 0.0, 0.0, 0.0, 0.0, 0.0, 0.0, 0.0, 0.0, 0.0, 0.0, 0.0, 0.0, 0.0, 0.0, 0.0, 0.0, 0.0, 0.0, 0.0, 0.0], [0.0, 0.0, 0.0, 0.0, 0.0, 0.0, 0.0, 0.0, 0.0, 0.0, 0.0, 0.0, 0.0, 0.0, 0.0, 0.0, 0.0, 0.0, 0.0, 0.0, 0.0, 0.0, 0.0, 0.0, 0.0, 0.0, 0.0, 0.0, 0.0, 0.0, 10.920873791840389, 27.400881558592033, 11.951666359651425, 27.297460025038262, 22.507572626869674, 15.26744300556004, 20.46251563194752, 15.23217649291857, 2.130766850030349, 12.534804443894746, 19.564965681825978, 4.496832487448376, 23.42521335086039, 17.13278221180302, 4.496832487448376, 12.534804443894746, 27.400881558592033, 10.920873791840389, 22.507572626869674, 20.46251563194752, 0.0, 0.0, 0.0, 0.0, 0.0, 0.0, 0.0, 0.0, 0.0, 0.0, 0.0, 0.0, 0.0, 0.0, 0.0, 0.0, 0.0, 0.0, 0.0, 0.0, 0.0, 0.0, 0.0, 0.0, 0.0, 0.0, 0.0, 0.0, 0.0, 0.0], [0.0, 0.0, 0.0, 0.0, 0.0, 0.0, 0.0, 0.0, 0.0, 0.0, 0.0, 0.0, 0.0, 0.0, 0.0, 0.0, 0.0, 0.0, 0.0, 0.0, 0.0, 0.0, 0.0, 0.0, 0.0, 0.0, 0.0, 0.0, 0.0, 0.0, 10.920873791840389, 27.400881558592033, 11.951666359651425, 27.297460025038262, 22.507572626869674, 15.26744300556004, 20.46251563194752, 15.23217649291857, 2.130766850030349, 12.534804443894746, 19.564965681825978, 4.496832487448376, 23.42521335086039, 17.13278221180302, 4.496832487448376, 12.534804443894746, 27.400881558592033, 10.920873791840389, 22.507572626869674, 20.46251563194752, 0.0, 0.0, 0.0, 0.0, 0.0, 0.0, 0.0, 0.0, 0.0, 0.0, 0.0, 0.0, 0.0, 0.0, 0.0, 0.0, 0.0, 0.0, 0.0, 0.0, 0.0, 0.0, 0.0, 0.0, 0.0, 0.0, 0.0, 0.0, 0.0, 0.0], [0.0, 0.0, 0.0, 0.0, 0.0, 0.0, 0.0, 0.0, 0.0, 0.0, 0.0, 0.0, 0.0, 0.0, 0.0, 0.0, 0.0, 0.0, 0.0, 0.0, 0.0, 0.0, 0.0, 0.0, 0.0, 0.0, 0.0, 0.0, 0.0, 0.0, 10.920873791840389, 27.400881558592033, 11.951666359651425, 27.297460025038262, 22.507572626869674, 15.26744300556004, 20.46251563194752, 15.23217649291857, 2.130766850030349, 12.534804443894746, 19.564965681825978, 4.496832487448376, 23.42521335086039, 17.13278221180302, 4.496832487448376, 12.534804443894746, 27.400881558592033, 10.920873791840389, 22.507572626869674, 20.46251563194752, 0.0, 0.0, 0.0, 0.0, 0.0, 0.0, 0.0, 0.0, 0.0, 0.0, 0.0, 0.0, 0.0, 0.0, 0.0, 0.0, 0.0, 0.0, 0.0, 0.0, 0.0, 0.0, 0.0, 0.0, 0.0, 0.0, 0.0, 0.0, 0.0, 0.0], [0.0, 0.0, 0.0, 0.0, 0.0, 0.0, 0.0, 0.0, 0.0, 0.0, 0.0, 0.0, 0.0, 0.0, 0.0, 0.0, 0.0, 0.0, 0.0, 0.0, 0.0, 0.0, 0.0, 0.0, 0.0, 0.0, 0.0, 0.0, 0.0, 0.0, 10.920873791840389, 27.400881558592033, 11.951666359651425, 27.297460025038262, 22.507572626869674, 15.26744300556004, 20.46251563194752, 15.23217649291857, 2.130766850030349, 12.534804443894746, 19.564965681825978, 4.496832487448376, 23.42521335086039, 17.13278221180302, 4.496832487448376, 12.534804443894746, 27.400881558592033, 10.920873791840389, 22.507572626869674, 20.46251563194752, 0.0, 0.0, 0.0, 0.0, 0.0, 0.0, 0.0, 0.0, 0.0, 0.0, 0.0, 0.0, 0.0, 0.0, 0.0, 0.0, 0.0, 0.0, 0.0, 0.0, 0.0, 0.0, 0.0, 0.0, 0.0, 0.0, 0.0, 0.0, 0.0, 0.0], [0.0, 0.0, 0.0, 0.0, 0.0, 0.0, 0.0, 0.0, 0.0, 0.0, 0.0, 0.0, 0.0, 0.0, 0.0, 0.0, 0.0, 0.0, 0.0, 0.0, 0.0, 0.0, 0.0, 0.0, 0.0, 0.0, 0.0, 0.0, 0.0, 0.0, 10.920873791840389, 27.400881558592033, 11.951666359651425, 27.297460025038262, 22.507572626869674, 15.26744300556004, 20.46251563194752, 15.23217649291857, 2.130766850030349, 12.534804443894746, 19.564965681825978, 4.496832487448376, 23.42521335086039, 17.13278221180302, 4.496832487448376, 12.534804443894746, 27.400881558592033, 10.920873791840389, 22.507572626869674, 20.46251563194752, 0.0, 0.0, 0.0, 0.0, 0.0, 0.0, 0.0, 0.0, 0.0, 0.0, 0.0, 0.0, 0.0, 0.0, 0.0, 0.0, 0.0, 0.0, 0.0, 0.0, 0.0, 0.0, 0.0, 0.0, 0.0, 0.0, 0.0, 0.0, 0.0, 0.0], [0.0, 0.0, 0.0, 0.0, 0.0, 0.0, 0.0, 0.0, 0.0, 0.0, 0.0, 0.0, 0.0, 0.0, 0.0, 0.0, 0.0, 0.0, 0.0, 0.0, 0.0, 0.0, 0.0, 0.0, 0.0, 0.0, 0.0, 0.0, 0.0, 0.0, 10.920873791840389, 27.400881558592033, 11.951666359651425, 27.297460025038262, 22.507572626869674, 15.26744300556004, 20.46251563194752, 15.23217649291857, 2.130766850030349, 12.534804443894746, 19.564965681825978, 4.496832487448376, 23.42521335086039, 17.13278221180302, 4.496832487448376, 12.534804443894746, 27.400881558592033, 10.920873791840389, 22.507572626869674, 20.46251563194752, 0.0, 0.0, 0.0, 0.0, 0.0, 0.0, 0.0, 0.0, 0.0, 0.0, 0.0, 0.0, 0.0, 0.0, 0.0, 0.0, 0.0, 0.0, 0.0, 0.0, 0.0, 0.0, 0.0, 0.0, 0.0, 0.0, 0.0, 0.0, 0.0, 0.0], [0.0, 0.0, 0.0, 0.0, 0.0, 0.0, 0.0, 0.0, 0.0, 0.0, 0.0, 0.0, 0.0, 0.0, 0.0, 0.0, 0.0, 0.0, 0.0, 0.0, 0.0, 0.0, 0.0, 0.0, 0.0, 0.0, 0.0, 0.0, 0.0, 0.0, 10.920873791840389, 27.400881558592033, 11.951666359651425, 27.297460025038262, 22.507572626869674, 15.26744300556004, 20.46251563194752, 15.23217649291857, 2.130766850030349, 12.534804443894746, 19.564965681825978, 4.496832487448376, 23.42521335086039, 17.13278221180302, 4.496832487448376, 12.534804443894746, 27.400881558592033, 10.920873791840389, 22.507572626869674, 20.46251563194752, 0.0, 0.0, 0.0, 0.0, 0.0, 0.0, 0.0, 0.0, 0.0, 0.0, 0.0, 0.0, 0.0, 0.0, 0.0, 0.0, 0.0, 0.0, 0.0, 0.0, 0.0, 0.0, 0.0, 0.0, 0.0, 0.0, 0.0, 0.0, 0.0, 0.0], [0.0, 0.0, 0.0, 0.0, 0.0, 0.0, 0.0, 0.0, 0.0, 0.0, 0.0, 0.0, 0.0, 0.0, 0.0, 0.0, 0.0, 0.0, 0.0, 0.0, 0.0, 0.0, 0.0, 0.0, 0.0, 0.0, 0.0, 0.0, 0.0, 0.0, 10.920873791840389, 27.400881558592033, 11.951666359651425, 27.297460025038262, 22.507572626869674, 15.26744300556004, 20.46251563194752, 15.23217649291857, 2.130766850030349, 12.534804443894746, 19.564965681825978, 4.496832487448376, 23.42521335086039, 17.13278221180302, 4.496832487448376, 12.534804443894746, 27.400881558592033, 10.920873791840389, 22.507572626869674, 20.46251563194752, 0.0, 0.0, 0.0, 0.0, 0.0, 0.0, 0.0, 0.0, 0.0, 0.0, 0.0, 0.0, 0.0, 0.0, 0.0, 0.0, 0.0, 0.0, 0.0, 0.0, 0.0, 0.0, 0.0, 0.0, 0.0, 0.0, 0.0, 0.0, 0.0, 0.0], [0.0, 0.0, 0.0, 0.0, 0.0, 0.0, 0.0, 0.0, 0.0, 0.0, 0.0, 0.0, 0.0, 0.0, 0.0, 0.0, 0.0, 0.0, 0.0, 0.0, 0.0, 0.0, 0.0, 0.0, 0.0, 0.0, 0.0, 0.0, 0.0, 0.0, 10.920873791840389, 27.400881558592033, 11.951666359651425, 27.297460025038262, 22.507572626869674, 15.26744300556004, 20.46251563194752, 15.23217649291857, 2.130766850030349, 12.534804443894746, 19.564965681825978, 4.496832487448376, 23.42521335086039, 17.13278221180302, 4.496832487448376, 12.534804443894746, 27.400881558592033, 10.920873791840389, 22.507572626869674, 20.46251563194752, 0.0, 0.0, 0.0, 0.0, 0.0, 0.0, 0.0, 0.0, 0.0, 0.0, 0.0, 0.0, 0.0, 0.0, 0.0, 0.0, 0.0, 0.0, 0.0, 0.0, 0.0, 0.0, 0.0, 0.0, 0.0, 0.0, 0.0, 0.0, 0.0, 0.0], [0.0, 0.0, 0.0, 0.0, 0.0, 0.0, 0.0, 0.0, 0.0, 0.0, 0.0, 0.0, 0.0, 0.0, 0.0, 0.0, 0.0, 0.0, 0.0, 0.0, 0.0, 0.0, 0.0, 0.0, 0.0, 0.0, 0.0, 0.0, 0.0, 0.0, 10.920873791840389, 27.400881558592033, 11.951666359651425, 27.297460025038262, 22.507572626869674, 15.26744300556004, 20.46251563194752, 15.23217649291857, 2.130766850030349, 12.534804443894746, 19.564965681825978, 4.496832487448376, 23.42521335086039, 17.13278221180302, 4.496832487448376, 12.534804443894746, 27.400881558592033, 10.920873791840389, 22.507572626869674, 20.46251563194752, 0.0, 0.0, 0.0, 0.0, 0.0, 0.0, 0.0, 0.0, 0.0, 0.0, 0.0, 0.0, 0.0, 0.0, 0.0, 0.0, 0.0, 0.0, 0.0, 0.0, 0.0, 0.0, 0.0, 0.0, 0.0, 0.0, 0.0, 0.0, 0.0, 0.0], [0.0, 0.0, 0.0, 0.0, 0.0, 0.0, 0.0, 0.0, 0.0, 0.0, 0.0, 0.0, 0.0, 0.0, 0.0, 0.0, 0.0, 0.0, 0.0, 0.0, 0.0, 0.0, 0.0, 0.0, 0.0, 0.0, 0.0, 0.0, 0.0, 0.0, 10.920873791840389, 27.400881558592033, 11.951666359651425, 27.297460025038262, 22.507572626869674, 15.26744300556004, 20.46251563194752, 15.23217649291857, 2.130766850030349, 12.534804443894746, 19.564965681825978, 4.496832487448376, 23.42521335086039, 17.13278221180302, 4.496832487448376, 12.534804443894746, 27.400881558592033, 10.920873791840389, 22.507572626869674, 20.46251563194752, 0.0, 0.0, 0.0, 0.0, 0.0, 0.0, 0.0, 0.0, 0.0, 0.0, 0.0, 0.0, 0.0, 0.0, 0.0, 0.0, 0.0, 0.0, 0.0, 0.0, 0.0, 0.0, 0.0, 0.0, 0.0, 0.0, 0.0, 0.0, 0.0, 0.0], [0.0, 0.0, 0.0, 0.0, 0.0, 0.0, 0.0, 0.0, 0.0, 0.0, 0.0, 0.0, 0.0, 0.0, 0.0, 0.0, 0.0, 0.0, 0.0, 0.0, 0.0, 0.0, 0.0, 0.0, 0.0, 0.0, 0.0, 0.0, 0.0, 0.0, 10.920873791840389, 27.400881558592033, 11.951666359651425, 27.297460025038262, 22.507572626869674, 15.26744300556004, 20.46251563194752, 15.23217649291857, 2.130766850030349, 12.534804443894746, 19.564965681825978, 4.496832487448376, 23.42521335086039, 17.13278221180302, 4.496832487448376, 12.534804443894746, 27.400881558592033, 10.920873791840389, 22.507572626869674, 20.46251563194752, 0.0, 0.0, 0.0, 0.0, 0.0, 0.0, 0.0, 0.0, 0.0, 0.0, 0.0, 0.0, 0.0, 0.0, 0.0, 0.0, 0.0, 0.0, 0.0, 0.0, 0.0, 0.0, 0.0, 0.0, 0.0, 0.0, 0.0, 0.0, 0.0, 0.0], [0.0, 0.0, 0.0, 0.0, 0.0, 0.0, 0.0, 0.0, 0.0, 0.0, 0.0, 0.0, 0.0, 0.0, 0.0, 0.0, 0.0, 0.0, 0.0, 0.0, 0.0, 0.0, 0.0, 0.0, 0.0, 0.0, 0.0, 0.0, 0.0, 0.0, 10.920873791840389, 27.400881558592033, 11.951666359651425, 27.297460025038262, 22.507572626869674, 15.26744300556004, 20.46251563194752, 15.23217649291857, 2.130766850030349, 12.534804443894746, 19.564965681825978, 4.496832487448376, 23.42521335086039, 17.13278221180302, 4.496832487448376, 12.534804443894746, 27.400881558592033, 10.920873791840389, 22.507572626869674, 20.46251563194752, 0.0, 0.0, 0.0, 0.0, 0.0, 0.0, 0.0, 0.0, 0.0, 0.0, 0.0, 0.0, 0.0, 0.0, 0.0, 0.0, 0.0, 0.0, 0.0, 0.0, 0.0, 0.0, 0.0, 0.0, 0.0, 0.0, 0.0, 0.0, 0.0, 0.0], [0.0, 0.0, 0.0, 0.0, 0.0, 0.0, 0.0, 0.0, 0.0, 0.0, 0.0, 0.0, 0.0, 0.0, 0.0, 0.0, 0.0, 0.0, 0.0, 0.0, 0.0, 0.0, 0.0, 0.0, 0.0, 0.0, 0.0, 0.0, 0.0, 0.0, 10.920873791840389, 27.400881558592033, 11.951666359651425, 27.297460025038262, 22.507572626869674, 15.26744300556004, 20.46251563194752, 15.23217649291857, 2.130766850030349, 12.534804443894746, 19.564965681825978, 4.496832487448376, 23.42521335086039, 17.13278221180302, 4.496832487448376, 12.534804443894746, 27.400881558592033, 10.920873791840389, 22.507572626869674, 20.46251563194752, 0.0, 0.0, 0.0, 0.0, 0.0, 0.0, 0.0, 0.0, 0.0, 0.0, 0.0, 0.0, 0.0, 0.0, 0.0, 0.0, 0.0, 0.0, 0.0, 0.0, 0.0, 0.0, 0.0, 0.0, 0.0, 0.0, 0.0, 0.0, 0.0, 0.0], [0.0, 0.0, 0.0, 0.0, 0.0, 0.0, 0.0, 0.0, 0.0, 0.0, 0.0, 0.0, 0.0, 0.0, 0.0, 0.0, 0.0, 0.0, 0.0, 0.0, 0.0, 0.0, 0.0, 0.0, 0.0, 0.0, 0.0, 0.0, 0.0, 0.0, 10.920873791840389, 27.400881558592033, 11.951666359651425, 27.297460025038262, 22.507572626869674, 15.26744300556004, 20.46251563194752, 15.23217649291857, 2.130766850030349, 12.534804443894746, 19.564965681825978, 4.496832487448376, 23.42521335086039, 17.13278221180302, 4.496832487448376, 12.534804443894746, 27.400881558592033, 10.920873791840389, 22.507572626869674, 20.46251563194752, 0.0, 0.0, 0.0, 0.0, 0.0, 0.0, 0.0, 0.0, 0.0, 0.0, 0.0, 0.0, 0.0, 0.0, 0.0, 0.0, 0.0, 0.0, 0.0, 0.0, 0.0, 0.0, 0.0, 0.0, 0.0, 0.0, 0.0, 0.0, 0.0, 0.0], [0.0, 0.0, 0.0, 0.0, 0.0, 0.0, 0.0, 0.0, 0.0, 0.0, 0.0, 0.0, 0.0, 0.0, 0.0, 0.0, 0.0, 0.0, 0.0, 0.0, 0.0, 0.0, 0.0, 0.0, 0.0, 0.0, 0.0, 0.0, 0.0, 0.0, 10.920873791840389, 27.400881558592033, 11.951666359651425, 27.297460025038262, 22.507572626869674, 15.26744300556004, 20.46251563194752, 15.23217649291857, 2.130766850030349, 12.534804443894746, 19.564965681825978, 4.496832487448376, 23.42521335086039, 17.13278221180302, 4.496832487448376, 12.534804443894746, 27.400881558592033, 10.920873791840389, 22.507572626869674, 20.46251563194752, 0.0, 0.0, 0.0, 0.0, 0.0, 0.0, 0.0, 0.0, 0.0, 0.0, 0.0, 0.0, 0.0, 0.0, 0.0, 0.0, 0.0, 0.0, 0.0, 0.0, 0.0, 0.0, 0.0, 0.0, 0.0, 0.0, 0.0, 0.0, 0.0, 0.0], [0.0, 0.0, 0.0, 0.0, 0.0, 0.0, 0.0, 0.0, 0.0, 0.0, 0.0, 0.0, 0.0, 0.0, 0.0, 0.0, 0.0, 0.0, 0.0, 0.0, 0.0, 0.0, 0.0, 0.0, 0.0, 0.0, 0.0, 0.0, 0.0, 0.0, 10.920873791840389, 27.400881558592033, 11.951666359651425, 27.297460025038262, 22.507572626869674, 15.26744300556004, 20.46251563194752, 15.23217649291857, 2.130766850030349, 12.534804443894746, 19.564965681825978, 4.496832487448376, 23.42521335086039, 17.13278221180302, 4.496832487448376, 12.534804443894746, 27.400881558592033, 10.920873791840389, 22.507572626869674, 20.46251563194752, 0.0, 0.0, 0.0, 0.0, 0.0, 0.0, 0.0, 0.0, 0.0, 0.0, 0.0, 0.0, 0.0, 0.0, 0.0, 0.0, 0.0, 0.0, 0.0, 0.0, 0.0, 0.0, 0.0, 0.0, 0.0, 0.0, 0.0, 0.0, 0.0, 0.0], [0.0, 0.0, 0.0, 0.0, 0.0, 0.0, 0.0, 0.0, 0.0, 0.0, 0.0, 0.0, 0.0, 0.0, 0.0, 0.0, 0.0, 0.0, 0.0, 0.0, 0.0, 0.0, 0.0, 0.0, 0.0, 0.0, 0.0, 0.0, 0.0, 0.0, 10.920873791840389, 27.400881558592033, 11.951666359651425, 27.297460025038262, 22.507572626869674, 15.26744300556004, 20.46251563194752, 15.23217649291857, 2.130766850030349, 12.534804443894746, 19.564965681825978, 4.496832487448376, 23.42521335086039, 17.13278221180302, 4.496832487448376, 12.534804443894746, 27.400881558592033, 10.920873791840389, 22.507572626869674, 20.46251563194752, 0.0, 0.0, 0.0, 0.0, 0.0, 0.0, 0.0, 0.0, 0.0, 0.0, 0.0, 0.0, 0.0, 0.0, 0.0, 0.0, 0.0, 0.0, 0.0, 0.0, 0.0, 0.0, 0.0, 0.0, 0.0, 0.0, 0.0, 0.0, 0.0, 0.0], [0.0, 0.0, 0.0, 0.0, 0.0, 0.0, 0.0, 0.0, 0.0, 0.0, 0.0, 0.0, 0.0, 0.0, 0.0, 0.0, 0.0, 0.0, 0.0, 0.0, 0.0, 0.0, 0.0, 0.0, 0.0, 0.0, 0.0, 0.0, 0.0, 0.0, 10.920873791840389, 27.400881558592033, 11.951666359651425, 27.297460025038262, 22.507572626869674, 15.26744300556004, 20.46251563194752, 15.23217649291857, 2.130766850030349, 12.534804443894746, 19.564965681825978, 4.496832487448376, 23.42521335086039, 17.13278221180302, 4.496832487448376, 12.534804443894746, 27.400881558592033, 10.920873791840389, 22.507572626869674, 20.46251563194752, 0.0, 0.0, 0.0, 0.0, 0.0, 0.0, 0.0, 0.0, 0.0, 0.0, 0.0, 0.0, 0.0, 0.0, 0.0, 0.0, 0.0, 0.0, 0.0, 0.0, 0.0, 0.0, 0.0, 0.0, 0.0, 0.0, 0.0, 0.0, 0.0, 0.0], [0.0, 0.0, 0.0, 0.0, 0.0, 0.0, 0.0, 0.0, 0.0, 0.0, 0.0, 0.0, 0.0, 0.0, 0.0, 0.0, 0.0, 0.0, 0.0, 0.0, 0.0, 0.0, 0.0, 0.0, 0.0, 0.0, 0.0, 0.0, 0.0, 0.0, 10.920873791840389, 27.400881558592033, 11.951666359651425, 27.297460025038262, 22.507572626869674, 15.26744300556004, 20.46251563194752, 15.23217649291857, 2.130766850030349, 12.534804443894746, 19.564965681825978, 4.496832487448376, 23.42521335086039, 17.13278221180302, 4.496832487448376, 12.534804443894746, 27.400881558592033, 10.920873791840389, 22.507572626869674, 20.46251563194752, 0.0, 0.0, 0.0, 0.0, 0.0, 0.0, 0.0, 0.0, 0.0, 0.0, 0.0, 0.0, 0.0, 0.0, 0.0, 0.0, 0.0, 0.0, 0.0, 0.0, 0.0, 0.0, 0.0, 0.0, 0.0, 0.0, 0.0, 0.0, 0.0, 0.0], [0.0, 0.0, 0.0, 0.0, 0.0, 0.0, 0.0, 0.0, 0.0, 0.0, 0.0, 0.0, 0.0, 0.0, 0.0, 0.0, 0.0, 0.0, 0.0, 0.0, 0.0, 0.0, 0.0, 0.0, 0.0, 0.0, 0.0, 0.0, 0.0, 0.0, 10.920873791840389, 27.400881558592033, 11.951666359651425, 27.297460025038262, 22.507572626869674, 15.26744300556004, 20.46251563194752, 15.23217649291857, 2.130766850030349, 12.534804443894746, 19.564965681825978, 4.496832487448376, 23.42521335086039, 17.13278221180302, 4.496832487448376, 12.534804443894746, 27.400881558592033, 10.920873791840389, 22.507572626869674, 20.46251563194752, 0.0, 0.0, 0.0, 0.0, 0.0, 0.0, 0.0, 0.0, 0.0, 0.0, 0.0, 0.0, 0.0, 0.0, 0.0, 0.0, 0.0, 0.0, 0.0, 0.0, 0.0, 0.0, 0.0, 0.0, 0.0, 0.0, 0.0, 0.0, 0.0, 0.0], [0.0, 0.0, 0.0, 0.0, 0.0, 0.0, 0.0, 0.0, 0.0, 0.0, 0.0, 0.0, 0.0, 0.0, 0.0, 0.0, 0.0, 0.0, 0.0, 0.0, 0.0, 0.0, 0.0, 0.0, 0.0, 0.0, 0.0, 0.0, 0.0, 0.0, 10.920873791840389, 27.400881558592033, 11.951666359651425, 27.297460025038262, 22.507572626869674, 15.26744300556004, 20.46251563194752, 15.23217649291857, 2.130766850030349, 12.534804443894746, 19.564965681825978, 4.496832487448376, 23.42521335086039, 17.13278221180302, 4.496832487448376, 12.534804443894746, 27.400881558592033, 10.920873791840389, 22.507572626869674, 20.46251563194752, 0.0, 0.0, 0.0, 0.0, 0.0, 0.0, 0.0, 0.0, 0.0, 0.0, 0.0, 0.0, 0.0, 0.0, 0.0, 0.0, 0.0, 0.0, 0.0, 0.0, 0.0, 0.0, 0.0, 0.0, 0.0, 0.0, 0.0, 0.0, 0.0, 0.0], [0.0, 0.0, 0.0, 0.0, 0.0, 0.0, 0.0, 0.0, 0.0, 0.0, 0.0, 0.0, 0.0, 0.0, 0.0, 0.0, 0.0, 0.0, 0.0, 0.0, 0.0, 0.0, 0.0, 0.0, 0.0, 0.0, 0.0, 0.0, 0.0, 0.0, 10.920873791840389, 27.400881558592033, 11.951666359651425, 27.297460025038262, 22.507572626869674, 15.26744300556004, 20.46251563194752, 15.23217649291857, 2.130766850030349, 12.534804443894746, 19.564965681825978, 4.496832487448376, 23.42521335086039, 17.13278221180302, 4.496832487448376, 12.534804443894746, 27.400881558592033, 10.920873791840389, 22.507572626869674, 20.46251563194752, 0.0, 0.0, 0.0, 0.0, 0.0, 0.0, 0.0, 0.0, 0.0, 0.0, 0.0, 0.0, 0.0, 0.0, 0.0, 0.0, 0.0, 0.0, 0.0, 0.0, 0.0, 0.0, 0.0, 0.0, 0.0, 0.0, 0.0, 0.0, 0.0, 0.0], [0.0, 0.0, 0.0, 0.0, 0.0, 0.0, 0.0, 0.0, 0.0, 0.0, 0.0, 0.0, 0.0, 0.0, 0.0, 0.0, 0.0, 0.0, 0.0, 0.0, 0.0, 0.0, 0.0, 0.0, 0.0, 0.0, 0.0, 0.0, 0.0, 0.0, 10.920873791840389, 27.400881558592033, 11.951666359651425, 27.297460025038262, 22.507572626869674, 15.26744300556004, 20.46251563194752, 15.23217649291857, 2.130766850030349, 12.534804443894746, 19.564965681825978, 4.496832487448376, 23.42521335086039, 17.13278221180302, 4.496832487448376, 12.534804443894746, 27.400881558592033, 10.920873791840389, 22.507572626869674, 20.46251563194752, 0.0, 0.0, 0.0, 0.0, 0.0, 0.0, 0.0, 0.0, 0.0, 0.0, 0.0, 0.0, 0.0, 0.0, 0.0, 0.0, 0.0, 0.0, 0.0, 0.0, 0.0, 0.0, 0.0, 0.0, 0.0, 0.0, 0.0, 0.0, 0.0, 0.0], [0.0, 0.0, 0.0, 0.0, 0.0, 0.0, 0.0, 0.0, 0.0, 0.0, 0.0, 0.0, 0.0, 0.0, 0.0, 0.0, 0.0, 0.0, 0.0, 0.0, 0.0, 0.0, 0.0, 0.0, 0.0, 0.0, 0.0, 0.0, 0.0, 0.0, 10.920873791840389, 27.400881558592033, 11.951666359651425, 27.297460025038262, 22.507572626869674, 15.26744300556004, 20.46251563194752, 15.23217649291857, 2.130766850030349, 12.534804443894746, 19.564965681825978, 4.496832487448376, 23.42521335086039, 17.13278221180302, 4.496832487448376, 12.534804443894746, 27.400881558592033, 10.920873791840389, 22.507572626869674, 20.46251563194752, 0.0, 0.0, 0.0, 0.0, 0.0, 0.0, 0.0, 0.0, 0.0, 0.0, 0.0, 0.0, 0.0, 0.0, 0.0, 0.0, 0.0, 0.0, 0.0, 0.0, 0.0, 0.0, 0.0, 0.0, 0.0, 0.0, 0.0, 0.0, 0.0, 0.0], [0.0, 0.0, 0.0, 0.0, 0.0, 0.0, 0.0, 0.0, 0.0, 0.0, 0.0, 0.0, 0.0, 0.0, 0.0, 0.0, 0.0, 0.0, 0.0, 0.0, 0.0, 0.0, 0.0, 0.0, 0.0, 0.0, 0.0, 0.0, 0.0, 0.0, 10.920873791840389, 27.400881558592033, 11.951666359651425, 27.297460025038262, 22.507572626869674, 15.26744300556004, 20.46251563194752, 15.23217649291857, 2.130766850030349, 12.534804443894746, 19.564965681825978, 4.496832487448376, 23.42521335086039, 17.13278221180302, 4.496832487448376, 12.534804443894746, 27.400881558592033, 10.920873791840389, 22.507572626869674, 20.46251563194752, 0.0, 0.0, 0.0, 0.0, 0.0, 0.0, 0.0, 0.0, 0.0, 0.0, 0.0, 0.0, 0.0, 0.0, 0.0, 0.0, 0.0, 0.0, 0.0, 0.0, 0.0, 0.0, 0.0, 0.0, 0.0, 0.0, 0.0, 0.0, 0.0, 0.0], [0.0, 0.0, 0.0, 0.0, 0.0, 0.0, 0.0, 0.0, 0.0, 0.0, 0.0, 0.0, 0.0, 0.0, 0.0, 0.0, 0.0, 0.0, 0.0, 0.0, 0.0, 0.0, 0.0, 0.0, 0.0, 0.0, 0.0, 0.0, 0.0, 0.0, 10.920873791840389, 27.400881558592033, 11.951666359651425, 27.297460025038262, 22.507572626869674, 15.26744300556004, 20.46251563194752, 15.23217649291857, 2.130766850030349, 12.534804443894746, 19.564965681825978, 4.496832487448376, 23.42521335086039, 17.13278221180302, 4.496832487448376, 12.534804443894746, 27.400881558592033, 10.920873791840389, 22.507572626869674, 20.46251563194752, 0.0, 0.0, 0.0, 0.0, 0.0, 0.0, 0.0, 0.0, 0.0, 0.0, 0.0, 0.0, 0.0, 0.0, 0.0, 0.0, 0.0, 0.0, 0.0, 0.0, 0.0, 0.0, 0.0, 0.0, 0.0, 0.0, 0.0, 0.0, 0.0, 0.0], [0.0, 0.0, 0.0, 0.0, 0.0, 0.0, 0.0, 0.0, 0.0, 0.0, 0.0, 0.0, 0.0, 0.0, 0.0, 0.0, 0.0, 0.0, 0.0, 0.0, 0.0, 0.0, 0.0, 0.0, 0.0, 0.0, 0.0, 0.0, 0.0, 0.0, 10.920873791840389, 27.400881558592033, 11.951666359651425, 27.297460025038262, 22.507572626869674, 15.26744300556004, 20.46251563194752, 15.23217649291857, 2.130766850030349, 12.534804443894746, 19.564965681825978, 4.496832487448376, 23.42521335086039, 17.13278221180302, 4.496832487448376, 12.534804443894746, 27.400881558592033, 10.920873791840389, 22.507572626869674, 20.46251563194752, 0.0, 0.0, 0.0, 0.0, 0.0, 0.0, 0.0, 0.0, 0.0, 0.0, 0.0, 0.0, 0.0, 0.0, 0.0, 0.0, 0.0, 0.0, 0.0, 0.0, 0.0, 0.0, 0.0, 0.0, 0.0, 0.0, 0.0, 0.0, 0.0, 0.0], [0.0, 0.0, 0.0, 0.0, 0.0, 0.0, 0.0, 0.0, 0.0, 0.0, 0.0, 0.0, 0.0, 0.0, 0.0, 0.0, 0.0, 0.0, 0.0, 0.0, 0.0, 0.0, 0.0, 0.0, 0.0, 0.0, 0.0, 0.0, 0.0, 0.0, 10.920873791840389, 27.400881558592033, 11.951666359651425, 27.297460025038262, 22.507572626869674, 15.26744300556004, 20.46251563194752, 15.23217649291857, 2.130766850030349, 12.534804443894746, 19.564965681825978, 4.496832487448376, 23.42521335086039, 17.13278221180302, 4.496832487448376, 12.534804443894746, 27.400881558592033, 10.920873791840389, 22.507572626869674, 20.46251563194752, 0.0, 0.0, 0.0, 0.0, 0.0, 0.0, 0.0, 0.0, 0.0, 0.0, 0.0, 0.0, 0.0, 0.0, 0.0, 0.0, 0.0, 0.0, 0.0, 0.0, 0.0, 0.0, 0.0, 0.0, 0.0, 0.0, 0.0, 0.0, 0.0, 0.0]];
