M = 99999999.0;
numWorkers = 30;
numRoles = 5;
numNodes = 80;
wStart = [0, 0, 0, 0, 0, 0, 0, 0, 0, 0, 0, 0, 0, 0, 0, 0, 0, 0, 0, 0, 0, 0, 0, 0, 0, 0, 0, 0, 0, 0, 60, 90, 60, 60, 150, 60, 180, 30, 120, 60, 120, 180, 30, 210, 330, 30, 150, 180, 120, 60, 480, 480, 480, 480, 480, 480, 480, 480, 480, 480, 480, 480, 480, 480, 480, 480, 480, 480, 480, 480, 480, 480, 480, 480, 480, 480, 480, 480, 480, 480];
wEnd = [0, 0, 0, 0, 0, 0, 0, 0, 0, 0, 0, 0, 0, 0, 0, 0, 0, 0, 0, 0, 0, 0, 0, 0, 0, 0, 0, 0, 0, 0, 450, 300, 420, 420, 420, 120, 390, 120, 420, 360, 390, 330, 90, 450, 390, 330, 420, 330, 300, 450, 480, 480, 480, 480, 480, 480, 480, 480, 480, 480, 480, 480, 480, 480, 480, 480, 480, 480, 480, 480, 480, 480, 480, 480, 480, 480, 480, 480, 480, 480];
p = [0, 0, 0, 0, 0, 0, 0, 0, 0, 0, 0, 0, 0, 0, 0, 0, 0, 0, 0, 0, 0, 0, 0, 0, 0, 0, 0, 0, 0, 0, 54.292363567756375, 74.54148534022227, 62.44033366511244, 20.356097741126796, 24.898551512022884, 41.06521461306565, 61.480752622833045, 30.005363937360688, 44.35002552982465, 55.038368345825916, 20.96239023062471, 61.71842744149695, 69.17042664025712, 20.197616094943562, 39.41707876398076, 57.7018464851306, 57.83657696678648, 50.03759673954457, 58.47579014983159, 57.14728194794756, 0, 0, 0, 0, 0, 0, 0, 0, 0, 0, 0, 0, 0, 0, 0, 0, 0, 0, 0, 0, 0, 0, 0, 0, 0, 0, 0, 0, 0, 0];
e = [[1, 0, 1, 0, 0], [0, 1, 0, 1, 0], [1, 1, 0, 0, 0], [1, 0, 1, 0, 0], [1, 0, 0, 1, 0], [1, 0, 1, 0, 0], [0, 0, 0, 1, 0], [0, 0, 0, 0, 1], [0, 1, 0, 0, 0], [0, 1, 0, 0, 0], [0, 0, 0, 0, 1], [1, 0, 0, 0, 0], [0, 0, 1, 0, 0], [0, 0, 0, 0, 1], [0, 0, 0, 1, 0], [1, 0, 0, 0, 0], [0, 1, 0, 0, 0], [1, 0, 0, 0, 0], [0, 1, 0, 0, 0], [0, 0, 1, 0, 0], [0, 0, 0, 0, 1], [0, 0, 0, 1, 0], [1, 0, 0, 0, 0], [0, 0, 0, 0, 1], [0, 1, 0, 0, 0], [0, 0, 1, 0, 0], [0, 0, 0, 0, 1], [0, 1, 0, 0, 0], [0, 0, 0, 1, 0], [0, 1, 0, 0, 0]];
d = [[0, 0, 0, 2, 0, 0, 1, 0, 0, 0, 0, 0, 1, 0, 1, 0, 1, 0, 2, 2], [1, 1, 0, 1, 0, 0, 2, 1, 0, 0, 1, 0, 2, 0, 2, 1, 1, 1, 1, 1], [2, 2, 3, 0, 3, 3, 1, 2, 3, 3, 2, 3, 1, 3, 1, 2, 0, 2, 0, 0], [0, 0, 0, 0, 0, 0, 1, 0, 0, 0, 0, 0, 1, 0, 1, 0, 0, 0, 0, 0], [1, 1, 1, 1, 1, 1, 0, 1, 1, 1, 1, 1, 0, 1, 0, 1, 1, 1, 1, 1]];
r = [2504, 1736, 1171, 2214, 4163, 2372, 3361, 2805, 4845, 1137, 3178, 3373, 587, 2223, 3241, 2786, 3951, 3558, 4547, 313];
g = [[0, 0, 0, 0, 0, 0, 0, 0, 0, 0, 0, 0, 0, 0, 0, 0, 0, 0, 0, 0], [0, 0, 0, 0, 0, 0, 0, 0, 0, 0, 0, 0, 0, 0, 0, 0, 0, 0, 0, 0], [0, 0, 0, 0, 0, 0, 0, 0, 0, 0, 0, 0, 0, 0, 0, 0, 0, 0, 0, 0], [0, 0, 0, 0, 0, 0, 0, 0, 0, 0, 0, 0, 0, 0, 0, 0, 0, 0, 0, 0], [0, 0, 0, 0, 0, 0, 0, 0, 0, 0, 0, 0, 0, 0, 0, 0, 0, 0, 0, 0], [0, 0, 0, 0, 0, 0, 0, 0, 0, 0, 0, 0, 0, 0, 0, 0, 0, 0, 0, 0], [0, 0, 0, 0, 0, 0, 0, 0, 0, 0, 0, 0, 0, 0, 0, 0, 0, 0, 0, 0], [0, 0, 0, 0, 0, 0, 0, 0, 0, 0, 0, 0, 0, 0, 0, 0, 0, 0, 0, 0], [0, 0, 0, 0, 0, 0, 0, 0, 0, 0, 0, 0, 0, 0, 0, 0, 0, 0, 0, 0], [0, 0, 0, 0, 0, 0, 0, 0, 0, 0, 0, 0, 0, 0, 0, 0, 0, 0, 0, 0], [0, 0, 0, 0, 0, 0, 0, 0, 0, 0, 0, 0, 0, 0, 0, 0, 0, 0, 0, 0], [0, 0, 0, 0, 0, 0, 0, 0, 0, 0, 0, 0, 0, 0, 0, 0, 0, 0, 0, 0], [0, 0, 0, 0, 0, 0, 0, 0, 0, 0, 0, 0, 0, 0, 0, 0, 0, 0, 0, 0], [0, 0, 0, 0, 0, 0, 0, 0, 0, 0, 0, 0, 0, 0, 0, 0, 0, 0, 0, 0], [0, 0, 0, 0, 0, 0, 0, 0, 0, 0, 0, 0, 0, 0, 0, 0, 0, 0, 0, 0], [0, 0, 0, 0, 0, 0, 0, 0, 0, 0, 0, 0, 0, 0, 0, 0, 0, 0, 0, 0], [0, 0, 0, 0, 0, 0, 0, 0, 0, 0, 0, 0, 0, 0, 0, 0, 0, 0, 0, 0], [0, 0, 0, 0, 0, 0, 0, 0, 0, 0, 0, 0, 0, 0, 0, 0, 0, 0, 0, 0], [0, 0, 0, 0, 0, 0, 0, 0, 0, 0, 0, 0, 0, 0, 0, 0, 0, 0, 0, 0], [0, 0, 0, 0, 0, 0, 0, 0, 0, 0, 0, 0, 0, 0, 0, 0, 0, 0, 0, 0]];
t = [[0.0, 0.0, 0.0, 0.0, 0.0, 0.0, 0.0, 0.0, 0.0, 0.0, 0.0, 0.0, 0.0, 0.0, 0.0, 0.0, 0.0, 0.0, 0.0, 0.0, 0.0, 0.0, 0.0, 0.0, 0.0, 0.0, 0.0, 0.0, 0.0, 0.0, 36.57986836620089, 27.805075941621226, 21.067234727475704, 20.819392693395862, 36.38366645013919, 38.66234384438025, 15.390543905679943, 6.939405519220147, 38.554470526311334, 26.872747046647685, 35.95493879444029, 31.11612303013421, 45.21075119073529, 9.681833514854862, 25.096728942082088, 9.73653497161333, 15.563528290354776, 26.085956950777636, 2.391020847489366, 21.80416569313581, 0.0, 0.0, 0.0, 0.0, 0.0, 0.0, 0.0, 0.0, 0.0, 0.0, 0.0, 0.0, 0.0, 0.0, 0.0, 0.0, 0.0, 0.0, 0.0, 0.0, 0.0, 0.0, 0.0, 0.0, 0.0, 0.0, 0.0, 0.0, 0.0, 0.0], [0.0, 0.0, 0.0, 0.0, 0.0, 0.0, 0.0, 0.0, 0.0, 0.0, 0.0, 0.0, 0.0, 0.0, 0.0, 0.0, 0.0, 0.0, 0.0, 0.0, 0.0, 0.0, 0.0, 0.0, 0.0, 0.0, 0.0, 0.0, 0.0, 0.0, 36.57986836620089, 27.805075941621226, 21.067234727475704, 20.819392693395862, 36.38366645013919, 38.66234384438025, 15.390543905679943, 6.939405519220147, 38.554470526311334, 26.872747046647685, 35.95493879444029, 31.11612303013421, 45.21075119073529, 9.681833514854862, 25.096728942082088, 9.73653497161333, 15.563528290354776, 26.085956950777636, 2.391020847489366, 21.80416569313581, 0.0, 0.0, 0.0, 0.0, 0.0, 0.0, 0.0, 0.0, 0.0, 0.0, 0.0, 0.0, 0.0, 0.0, 0.0, 0.0, 0.0, 0.0, 0.0, 0.0, 0.0, 0.0, 0.0, 0.0, 0.0, 0.0, 0.0, 0.0, 0.0, 0.0], [0.0, 0.0, 0.0, 0.0, 0.0, 0.0, 0.0, 0.0, 0.0, 0.0, 0.0, 0.0, 0.0, 0.0, 0.0, 0.0, 0.0, 0.0, 0.0, 0.0, 0.0, 0.0, 0.0, 0.0, 0.0, 0.0, 0.0, 0.0, 0.0, 0.0, 36.57986836620089, 27.805075941621226, 21.067234727475704, 20.819392693395862, 36.38366645013919, 38.66234384438025, 15.390543905679943, 6.939405519220147, 38.554470526311334, 26.872747046647685, 35.95493879444029, 31.11612303013421, 45.21075119073529, 9.681833514854862, 25.096728942082088, 9.73653497161333, 15.563528290354776, 26.085956950777636, 2.391020847489366, 21.80416569313581, 0.0, 0.0, 0.0, 0.0, 0.0, 0.0, 0.0, 0.0, 0.0, 0.0, 0.0, 0.0, 0.0, 0.0, 0.0, 0.0, 0.0, 0.0, 0.0, 0.0, 0.0, 0.0, 0.0, 0.0, 0.0, 0.0, 0.0, 0.0, 0.0, 0.0], [0.0, 0.0, 0.0, 0.0, 0.0, 0.0, 0.0, 0.0, 0.0, 0.0, 0.0, 0.0, 0.0, 0.0, 0.0, 0.0, 0.0, 0.0, 0.0, 0.0, 0.0, 0.0, 0.0, 0.0, 0.0, 0.0, 0.0, 0.0, 0.0, 0.0, 36.57986836620089, 27.805075941621226, 21.067234727475704, 20.819392693395862, 36.38366645013919, 38.66234384438025, 15.390543905679943, 6.939405519220147, 38.554470526311334, 26.872747046647685, 35.95493879444029, 31.11612303013421, 45.21075119073529, 9.681833514854862, 25.096728942082088, 9.73653497161333, 15.563528290354776, 26.085956950777636, 2.391020847489366, 21.80416569313581, 0.0, 0.0, 0.0, 0.0, 0.0, 0.0, 0.0, 0.0, 0.0, 0.0, 0.0, 0.0, 0.0, 0.0, 0.0, 0.0, 0.0, 0.0, 0.0, 0.0, 0.0, 0.0, 0.0, 0.0, 0.0, 0.0, 0.0, 0.0, 0.0, 0.0], [0.0, 0.0, 0.0, 0.0, 0.0, 0.0, 0.0, 0.0, 0.0, 0.0, 0.0, 0.0, 0.0, 0.0, 0.0, 0.0, 0.0, 0.0, 0.0, 0.0, 0.0, 0.0, 0.0, 0.0, 0.0, 0.0, 0.0, 0.0, 0.0, 0.0, 36.57986836620089, 27.805075941621226, 21.067234727475704, 20.819392693395862, 36.38366645013919, 38.66234384438025, 15.390543905679943, 6.939405519220147, 38.554470526311334, 26.872747046647685, 35.95493879444029, 31.11612303013421, 45.21075119073529, 9.681833514854862, 25.096728942082088, 9.73653497161333, 15.563528290354776, 26.085956950777636, 2.391020847489366, 21.80416569313581, 0.0, 0.0, 0.0, 0.0, 0.0, 0.0, 0.0, 0.0, 0.0, 0.0, 0.0, 0.0, 0.0, 0.0, 0.0, 0.0, 0.0, 0.0, 0.0, 0.0, 0.0, 0.0, 0.0, 0.0, 0.0, 0.0, 0.0, 0.0, 0.0, 0.0], [0.0, 0.0, 0.0, 0.0, 0.0, 0.0, 0.0, 0.0, 0.0, 0.0, 0.0, 0.0, 0.0, 0.0, 0.0, 0.0, 0.0, 0.0, 0.0, 0.0, 0.0, 0.0, 0.0, 0.0, 0.0, 0.0, 0.0, 0.0, 0.0, 0.0, 36.57986836620089, 27.805075941621226, 21.067234727475704, 20.819392693395862, 36.38366645013919, 38.66234384438025, 15.390543905679943, 6.939405519220147, 38.554470526311334, 26.872747046647685, 35.95493879444029, 31.11612303013421, 45.21075119073529, 9.681833514854862, 25.096728942082088, 9.73653497161333, 15.563528290354776, 26.085956950777636, 2.391020847489366, 21.80416569313581, 0.0, 0.0, 0.0, 0.0, 0.0, 0.0, 0.0, 0.0, 0.0, 0.0, 0.0, 0.0, 0.0, 0.0, 0.0, 0.0, 0.0, 0.0, 0.0, 0.0, 0.0, 0.0, 0.0, 0.0, 0.0, 0.0, 0.0, 0.0, 0.0, 0.0], [0.0, 0.0, 0.0, 0.0, 0.0, 0.0, 0.0, 0.0, 0.0, 0.0, 0.0, 0.0, 0.0, 0.0, 0.0, 0.0, 0.0, 0.0, 0.0, 0.0, 0.0, 0.0, 0.0, 0.0, 0.0, 0.0, 0.0, 0.0, 0.0, 0.0, 36.57986836620089, 27.805075941621226, 21.067234727475704, 20.819392693395862, 36.38366645013919, 38.66234384438025, 15.390543905679943, 6.939405519220147, 38.554470526311334, 26.872747046647685, 35.95493879444029, 31.11612303013421, 45.21075119073529, 9.681833514854862, 25.096728942082088, 9.73653497161333, 15.563528290354776, 26.085956950777636, 2.391020847489366, 21.80416569313581, 0.0, 0.0, 0.0, 0.0, 0.0, 0.0, 0.0, 0.0, 0.0, 0.0, 0.0, 0.0, 0.0, 0.0, 0.0, 0.0, 0.0, 0.0, 0.0, 0.0, 0.0, 0.0, 0.0, 0.0, 0.0, 0.0, 0.0, 0.0, 0.0, 0.0], [0.0, 0.0, 0.0, 0.0, 0.0, 0.0, 0.0, 0.0, 0.0, 0.0, 0.0, 0.0, 0.0, 0.0, 0.0, 0.0, 0.0, 0.0, 0.0, 0.0, 0.0, 0.0, 0.0, 0.0, 0.0, 0.0, 0.0, 0.0, 0.0, 0.0, 36.57986836620089, 27.805075941621226, 21.067234727475704, 20.819392693395862, 36.38366645013919, 38.66234384438025, 15.390543905679943, 6.939405519220147, 38.554470526311334, 26.872747046647685, 35.95493879444029, 31.11612303013421, 45.21075119073529, 9.681833514854862, 25.096728942082088, 9.73653497161333, 15.563528290354776, 26.085956950777636, 2.391020847489366, 21.80416569313581, 0.0, 0.0, 0.0, 0.0, 0.0, 0.0, 0.0, 0.0, 0.0, 0.0, 0.0, 0.0, 0.0, 0.0, 0.0, 0.0, 0.0, 0.0, 0.0, 0.0, 0.0, 0.0, 0.0, 0.0, 0.0, 0.0, 0.0, 0.0, 0.0, 0.0], [0.0, 0.0, 0.0, 0.0, 0.0, 0.0, 0.0, 0.0, 0.0, 0.0, 0.0, 0.0, 0.0, 0.0, 0.0, 0.0, 0.0, 0.0, 0.0, 0.0, 0.0, 0.0, 0.0, 0.0, 0.0, 0.0, 0.0, 0.0, 0.0, 0.0, 36.57986836620089, 27.805075941621226, 21.067234727475704, 20.819392693395862, 36.38366645013919, 38.66234384438025, 15.390543905679943, 6.939405519220147, 38.554470526311334, 26.872747046647685, 35.95493879444029, 31.11612303013421, 45.21075119073529, 9.681833514854862, 25.096728942082088, 9.73653497161333, 15.563528290354776, 26.085956950777636, 2.391020847489366, 21.80416569313581, 0.0, 0.0, 0.0, 0.0, 0.0, 0.0, 0.0, 0.0, 0.0, 0.0, 0.0, 0.0, 0.0, 0.0, 0.0, 0.0, 0.0, 0.0, 0.0, 0.0, 0.0, 0.0, 0.0, 0.0, 0.0, 0.0, 0.0, 0.0, 0.0, 0.0], [0.0, 0.0, 0.0, 0.0, 0.0, 0.0, 0.0, 0.0, 0.0, 0.0, 0.0, 0.0, 0.0, 0.0, 0.0, 0.0, 0.0, 0.0, 0.0, 0.0, 0.0, 0.0, 0.0, 0.0, 0.0, 0.0, 0.0, 0.0, 0.0, 0.0, 36.57986836620089, 27.805075941621226, 21.067234727475704, 20.819392693395862, 36.38366645013919, 38.66234384438025, 15.390543905679943, 6.939405519220147, 38.554470526311334, 26.872747046647685, 35.95493879444029, 31.11612303013421, 45.21075119073529, 9.681833514854862, 25.096728942082088, 9.73653497161333, 15.563528290354776, 26.085956950777636, 2.391020847489366, 21.80416569313581, 0.0, 0.0, 0.0, 0.0, 0.0, 0.0, 0.0, 0.0, 0.0, 0.0, 0.0, 0.0, 0.0, 0.0, 0.0, 0.0, 0.0, 0.0, 0.0, 0.0, 0.0, 0.0, 0.0, 0.0, 0.0, 0.0, 0.0, 0.0, 0.0, 0.0], [0.0, 0.0, 0.0, 0.0, 0.0, 0.0, 0.0, 0.0, 0.0, 0.0, 0.0, 0.0, 0.0, 0.0, 0.0, 0.0, 0.0, 0.0, 0.0, 0.0, 0.0, 0.0, 0.0, 0.0, 0.0, 0.0, 0.0, 0.0, 0.0, 0.0, 36.57986836620089, 27.805075941621226, 21.067234727475704, 20.819392693395862, 36.38366645013919, 38.66234384438025, 15.390543905679943, 6.939405519220147, 38.554470526311334, 26.872747046647685, 35.95493879444029, 31.11612303013421, 45.21075119073529, 9.681833514854862, 25.096728942082088, 9.73653497161333, 15.563528290354776, 26.085956950777636, 2.391020847489366, 21.80416569313581, 0.0, 0.0, 0.0, 0.0, 0.0, 0.0, 0.0, 0.0, 0.0, 0.0, 0.0, 0.0, 0.0, 0.0, 0.0, 0.0, 0.0, 0.0, 0.0, 0.0, 0.0, 0.0, 0.0, 0.0, 0.0, 0.0, 0.0, 0.0, 0.0, 0.0], [0.0, 0.0, 0.0, 0.0, 0.0, 0.0, 0.0, 0.0, 0.0, 0.0, 0.0, 0.0, 0.0, 0.0, 0.0, 0.0, 0.0, 0.0, 0.0, 0.0, 0.0, 0.0, 0.0, 0.0, 0.0, 0.0, 0.0, 0.0, 0.0, 0.0, 36.57986836620089, 27.805075941621226, 21.067234727475704, 20.819392693395862, 36.38366645013919, 38.66234384438025, 15.390543905679943, 6.939405519220147, 38.554470526311334, 26.872747046647685, 35.95493879444029, 31.11612303013421, 45.21075119073529, 9.681833514854862, 25.096728942082088, 9.73653497161333, 15.563528290354776, 26.085956950777636, 2.391020847489366, 21.80416569313581, 0.0, 0.0, 0.0, 0.0, 0.0, 0.0, 0.0, 0.0, 0.0, 0.0, 0.0, 0.0, 0.0, 0.0, 0.0, 0.0, 0.0, 0.0, 0.0, 0.0, 0.0, 0.0, 0.0, 0.0, 0.0, 0.0, 0.0, 0.0, 0.0, 0.0], [0.0, 0.0, 0.0, 0.0, 0.0, 0.0, 0.0, 0.0, 0.0, 0.0, 0.0, 0.0, 0.0, 0.0, 0.0, 0.0, 0.0, 0.0, 0.0, 0.0, 0.0, 0.0, 0.0, 0.0, 0.0, 0.0, 0.0, 0.0, 0.0, 0.0, 36.57986836620089, 27.805075941621226, 21.067234727475704, 20.819392693395862, 36.38366645013919, 38.66234384438025, 15.390543905679943, 6.939405519220147, 38.554470526311334, 26.872747046647685, 35.95493879444029, 31.11612303013421, 45.21075119073529, 9.681833514854862, 25.096728942082088, 9.73653497161333, 15.563528290354776, 26.085956950777636, 2.391020847489366, 21.80416569313581, 0.0, 0.0, 0.0, 0.0, 0.0, 0.0, 0.0, 0.0, 0.0, 0.0, 0.0, 0.0, 0.0, 0.0, 0.0, 0.0, 0.0, 0.0, 0.0, 0.0, 0.0, 0.0, 0.0, 0.0, 0.0, 0.0, 0.0, 0.0, 0.0, 0.0], [0.0, 0.0, 0.0, 0.0, 0.0, 0.0, 0.0, 0.0, 0.0, 0.0, 0.0, 0.0, 0.0, 0.0, 0.0, 0.0, 0.0, 0.0, 0.0, 0.0, 0.0, 0.0, 0.0, 0.0, 0.0, 0.0, 0.0, 0.0, 0.0, 0.0, 36.57986836620089, 27.805075941621226, 21.067234727475704, 20.819392693395862, 36.38366645013919, 38.66234384438025, 15.390543905679943, 6.939405519220147, 38.554470526311334, 26.872747046647685, 35.95493879444029, 31.11612303013421, 45.21075119073529, 9.681833514854862, 25.096728942082088, 9.73653497161333, 15.563528290354776, 26.085956950777636, 2.391020847489366, 21.80416569313581, 0.0, 0.0, 0.0, 0.0, 0.0, 0.0, 0.0, 0.0, 0.0, 0.0, 0.0, 0.0, 0.0, 0.0, 0.0, 0.0, 0.0, 0.0, 0.0, 0.0, 0.0, 0.0, 0.0, 0.0, 0.0, 0.0, 0.0, 0.0, 0.0, 0.0], [0.0, 0.0, 0.0, 0.0, 0.0, 0.0, 0.0, 0.0, 0.0, 0.0, 0.0, 0.0, 0.0, 0.0, 0.0, 0.0, 0.0, 0.0, 0.0, 0.0, 0.0, 0.0, 0.0, 0.0, 0.0, 0.0, 0.0, 0.0, 0.0, 0.0, 36.57986836620089, 27.805075941621226, 21.067234727475704, 20.819392693395862, 36.38366645013919, 38.66234384438025, 15.390543905679943, 6.939405519220147, 38.554470526311334, 26.872747046647685, 35.95493879444029, 31.11612303013421, 45.21075119073529, 9.681833514854862, 25.096728942082088, 9.73653497161333, 15.563528290354776, 26.085956950777636, 2.391020847489366, 21.80416569313581, 0.0, 0.0, 0.0, 0.0, 0.0, 0.0, 0.0, 0.0, 0.0, 0.0, 0.0, 0.0, 0.0, 0.0, 0.0, 0.0, 0.0, 0.0, 0.0, 0.0, 0.0, 0.0, 0.0, 0.0, 0.0, 0.0, 0.0, 0.0, 0.0, 0.0], [0.0, 0.0, 0.0, 0.0, 0.0, 0.0, 0.0, 0.0, 0.0, 0.0, 0.0, 0.0, 0.0, 0.0, 0.0, 0.0, 0.0, 0.0, 0.0, 0.0, 0.0, 0.0, 0.0, 0.0, 0.0, 0.0, 0.0, 0.0, 0.0, 0.0, 36.57986836620089, 27.805075941621226, 21.067234727475704, 20.819392693395862, 36.38366645013919, 38.66234384438025, 15.390543905679943, 6.939405519220147, 38.554470526311334, 26.872747046647685, 35.95493879444029, 31.11612303013421, 45.21075119073529, 9.681833514854862, 25.096728942082088, 9.73653497161333, 15.563528290354776, 26.085956950777636, 2.391020847489366, 21.80416569313581, 0.0, 0.0, 0.0, 0.0, 0.0, 0.0, 0.0, 0.0, 0.0, 0.0, 0.0, 0.0, 0.0, 0.0, 0.0, 0.0, 0.0, 0.0, 0.0, 0.0, 0.0, 0.0, 0.0, 0.0, 0.0, 0.0, 0.0, 0.0, 0.0, 0.0], [0.0, 0.0, 0.0, 0.0, 0.0, 0.0, 0.0, 0.0, 0.0, 0.0, 0.0, 0.0, 0.0, 0.0, 0.0, 0.0, 0.0, 0.0, 0.0, 0.0, 0.0, 0.0, 0.0, 0.0, 0.0, 0.0, 0.0, 0.0, 0.0, 0.0, 36.57986836620089, 27.805075941621226, 21.067234727475704, 20.819392693395862, 36.38366645013919, 38.66234384438025, 15.390543905679943, 6.939405519220147, 38.554470526311334, 26.872747046647685, 35.95493879444029, 31.11612303013421, 45.21075119073529, 9.681833514854862, 25.096728942082088, 9.73653497161333, 15.563528290354776, 26.085956950777636, 2.391020847489366, 21.80416569313581, 0.0, 0.0, 0.0, 0.0, 0.0, 0.0, 0.0, 0.0, 0.0, 0.0, 0.0, 0.0, 0.0, 0.0, 0.0, 0.0, 0.0, 0.0, 0.0, 0.0, 0.0, 0.0, 0.0, 0.0, 0.0, 0.0, 0.0, 0.0, 0.0, 0.0], [0.0, 0.0, 0.0, 0.0, 0.0, 0.0, 0.0, 0.0, 0.0, 0.0, 0.0, 0.0, 0.0, 0.0, 0.0, 0.0, 0.0, 0.0, 0.0, 0.0, 0.0, 0.0, 0.0, 0.0, 0.0, 0.0, 0.0, 0.0, 0.0, 0.0, 36.57986836620089, 27.805075941621226, 21.067234727475704, 20.819392693395862, 36.38366645013919, 38.66234384438025, 15.390543905679943, 6.939405519220147, 38.554470526311334, 26.872747046647685, 35.95493879444029, 31.11612303013421, 45.21075119073529, 9.681833514854862, 25.096728942082088, 9.73653497161333, 15.563528290354776, 26.085956950777636, 2.391020847489366, 21.80416569313581, 0.0, 0.0, 0.0, 0.0, 0.0, 0.0, 0.0, 0.0, 0.0, 0.0, 0.0, 0.0, 0.0, 0.0, 0.0, 0.0, 0.0, 0.0, 0.0, 0.0, 0.0, 0.0, 0.0, 0.0, 0.0, 0.0, 0.0, 0.0, 0.0, 0.0], [0.0, 0.0, 0.0, 0.0, 0.0, 0.0, 0.0, 0.0, 0.0, 0.0, 0.0, 0.0, 0.0, 0.0, 0.0, 0.0, 0.0, 0.0, 0.0, 0.0, 0.0, 0.0, 0.0, 0.0, 0.0, 0.0, 0.0, 0.0, 0.0, 0.0, 36.57986836620089, 27.805075941621226, 21.067234727475704, 20.819392693395862, 36.38366645013919, 38.66234384438025, 15.390543905679943, 6.939405519220147, 38.554470526311334, 26.872747046647685, 35.95493879444029, 31.11612303013421, 45.21075119073529, 9.681833514854862, 25.096728942082088, 9.73653497161333, 15.563528290354776, 26.085956950777636, 2.391020847489366, 21.80416569313581, 0.0, 0.0, 0.0, 0.0, 0.0, 0.0, 0.0, 0.0, 0.0, 0.0, 0.0, 0.0, 0.0, 0.0, 0.0, 0.0, 0.0, 0.0, 0.0, 0.0, 0.0, 0.0, 0.0, 0.0, 0.0, 0.0, 0.0, 0.0, 0.0, 0.0], [0.0, 0.0, 0.0, 0.0, 0.0, 0.0, 0.0, 0.0, 0.0, 0.0, 0.0, 0.0, 0.0, 0.0, 0.0, 0.0, 0.0, 0.0, 0.0, 0.0, 0.0, 0.0, 0.0, 0.0, 0.0, 0.0, 0.0, 0.0, 0.0, 0.0, 36.57986836620089, 27.805075941621226, 21.067234727475704, 20.819392693395862, 36.38366645013919, 38.66234384438025, 15.390543905679943, 6.939405519220147, 38.554470526311334, 26.872747046647685, 35.95493879444029, 31.11612303013421, 45.21075119073529, 9.681833514854862, 25.096728942082088, 9.73653497161333, 15.563528290354776, 26.085956950777636, 2.391020847489366, 21.80416569313581, 0.0, 0.0, 0.0, 0.0, 0.0, 0.0, 0.0, 0.0, 0.0, 0.0, 0.0, 0.0, 0.0, 0.0, 0.0, 0.0, 0.0, 0.0, 0.0, 0.0, 0.0, 0.0, 0.0, 0.0, 0.0, 0.0, 0.0, 0.0, 0.0, 0.0], [0.0, 0.0, 0.0, 0.0, 0.0, 0.0, 0.0, 0.0, 0.0, 0.0, 0.0, 0.0, 0.0, 0.0, 0.0, 0.0, 0.0, 0.0, 0.0, 0.0, 0.0, 0.0, 0.0, 0.0, 0.0, 0.0, 0.0, 0.0, 0.0, 0.0, 36.57986836620089, 27.805075941621226, 21.067234727475704, 20.819392693395862, 36.38366645013919, 38.66234384438025, 15.390543905679943, 6.939405519220147, 38.554470526311334, 26.872747046647685, 35.95493879444029, 31.11612303013421, 45.21075119073529, 9.681833514854862, 25.096728942082088, 9.73653497161333, 15.563528290354776, 26.085956950777636, 2.391020847489366, 21.80416569313581, 0.0, 0.0, 0.0, 0.0, 0.0, 0.0, 0.0, 0.0, 0.0, 0.0, 0.0, 0.0, 0.0, 0.0, 0.0, 0.0, 0.0, 0.0, 0.0, 0.0, 0.0, 0.0, 0.0, 0.0, 0.0, 0.0, 0.0, 0.0, 0.0, 0.0], [0.0, 0.0, 0.0, 0.0, 0.0, 0.0, 0.0, 0.0, 0.0, 0.0, 0.0, 0.0, 0.0, 0.0, 0.0, 0.0, 0.0, 0.0, 0.0, 0.0, 0.0, 0.0, 0.0, 0.0, 0.0, 0.0, 0.0, 0.0, 0.0, 0.0, 36.57986836620089, 27.805075941621226, 21.067234727475704, 20.819392693395862, 36.38366645013919, 38.66234384438025, 15.390543905679943, 6.939405519220147, 38.554470526311334, 26.872747046647685, 35.95493879444029, 31.11612303013421, 45.21075119073529, 9.681833514854862, 25.096728942082088, 9.73653497161333, 15.563528290354776, 26.085956950777636, 2.391020847489366, 21.80416569313581, 0.0, 0.0, 0.0, 0.0, 0.0, 0.0, 0.0, 0.0, 0.0, 0.0, 0.0, 0.0, 0.0, 0.0, 0.0, 0.0, 0.0, 0.0, 0.0, 0.0, 0.0, 0.0, 0.0, 0.0, 0.0, 0.0, 0.0, 0.0, 0.0, 0.0], [0.0, 0.0, 0.0, 0.0, 0.0, 0.0, 0.0, 0.0, 0.0, 0.0, 0.0, 0.0, 0.0, 0.0, 0.0, 0.0, 0.0, 0.0, 0.0, 0.0, 0.0, 0.0, 0.0, 0.0, 0.0, 0.0, 0.0, 0.0, 0.0, 0.0, 36.57986836620089, 27.805075941621226, 21.067234727475704, 20.819392693395862, 36.38366645013919, 38.66234384438025, 15.390543905679943, 6.939405519220147, 38.554470526311334, 26.872747046647685, 35.95493879444029, 31.11612303013421, 45.21075119073529, 9.681833514854862, 25.096728942082088, 9.73653497161333, 15.563528290354776, 26.085956950777636, 2.391020847489366, 21.80416569313581, 0.0, 0.0, 0.0, 0.0, 0.0, 0.0, 0.0, 0.0, 0.0, 0.0, 0.0, 0.0, 0.0, 0.0, 0.0, 0.0, 0.0, 0.0, 0.0, 0.0, 0.0, 0.0, 0.0, 0.0, 0.0, 0.0, 0.0, 0.0, 0.0, 0.0], [0.0, 0.0, 0.0, 0.0, 0.0, 0.0, 0.0, 0.0, 0.0, 0.0, 0.0, 0.0, 0.0, 0.0, 0.0, 0.0, 0.0, 0.0, 0.0, 0.0, 0.0, 0.0, 0.0, 0.0, 0.0, 0.0, 0.0, 0.0, 0.0, 0.0, 36.57986836620089, 27.805075941621226, 21.067234727475704, 20.819392693395862, 36.38366645013919, 38.66234384438025, 15.390543905679943, 6.939405519220147, 38.554470526311334, 26.872747046647685, 35.95493879444029, 31.11612303013421, 45.21075119073529, 9.681833514854862, 25.096728942082088, 9.73653497161333, 15.563528290354776, 26.085956950777636, 2.391020847489366, 21.80416569313581, 0.0, 0.0, 0.0, 0.0, 0.0, 0.0, 0.0, 0.0, 0.0, 0.0, 0.0, 0.0, 0.0, 0.0, 0.0, 0.0, 0.0, 0.0, 0.0, 0.0, 0.0, 0.0, 0.0, 0.0, 0.0, 0.0, 0.0, 0.0, 0.0, 0.0], [0.0, 0.0, 0.0, 0.0, 0.0, 0.0, 0.0, 0.0, 0.0, 0.0, 0.0, 0.0, 0.0, 0.0, 0.0, 0.0, 0.0, 0.0, 0.0, 0.0, 0.0, 0.0, 0.0, 0.0, 0.0, 0.0, 0.0, 0.0, 0.0, 0.0, 36.57986836620089, 27.805075941621226, 21.067234727475704, 20.819392693395862, 36.38366645013919, 38.66234384438025, 15.390543905679943, 6.939405519220147, 38.554470526311334, 26.872747046647685, 35.95493879444029, 31.11612303013421, 45.21075119073529, 9.681833514854862, 25.096728942082088, 9.73653497161333, 15.563528290354776, 26.085956950777636, 2.391020847489366, 21.80416569313581, 0.0, 0.0, 0.0, 0.0, 0.0, 0.0, 0.0, 0.0, 0.0, 0.0, 0.0, 0.0, 0.0, 0.0, 0.0, 0.0, 0.0, 0.0, 0.0, 0.0, 0.0, 0.0, 0.0, 0.0, 0.0, 0.0, 0.0, 0.0, 0.0, 0.0], [0.0, 0.0, 0.0, 0.0, 0.0, 0.0, 0.0, 0.0, 0.0, 0.0, 0.0, 0.0, 0.0, 0.0, 0.0, 0.0, 0.0, 0.0, 0.0, 0.0, 0.0, 0.0, 0.0, 0.0, 0.0, 0.0, 0.0, 0.0, 0.0, 0.0, 36.57986836620089, 27.805075941621226, 21.067234727475704, 20.819392693395862, 36.38366645013919, 38.66234384438025, 15.390543905679943, 6.939405519220147, 38.554470526311334, 26.872747046647685, 35.95493879444029, 31.11612303013421, 45.21075119073529, 9.681833514854862, 25.096728942082088, 9.73653497161333, 15.563528290354776, 26.085956950777636, 2.391020847489366, 21.80416569313581, 0.0, 0.0, 0.0, 0.0, 0.0, 0.0, 0.0, 0.0, 0.0, 0.0, 0.0, 0.0, 0.0, 0.0, 0.0, 0.0, 0.0, 0.0, 0.0, 0.0, 0.0, 0.0, 0.0, 0.0, 0.0, 0.0, 0.0, 0.0, 0.0, 0.0], [0.0, 0.0, 0.0, 0.0, 0.0, 0.0, 0.0, 0.0, 0.0, 0.0, 0.0, 0.0, 0.0, 0.0, 0.0, 0.0, 0.0, 0.0, 0.0, 0.0, 0.0, 0.0, 0.0, 0.0, 0.0, 0.0, 0.0, 0.0, 0.0, 0.0, 36.57986836620089, 27.805075941621226, 21.067234727475704, 20.819392693395862, 36.38366645013919, 38.66234384438025, 15.390543905679943, 6.939405519220147, 38.554470526311334, 26.872747046647685, 35.95493879444029, 31.11612303013421, 45.21075119073529, 9.681833514854862, 25.096728942082088, 9.73653497161333, 15.563528290354776, 26.085956950777636, 2.391020847489366, 21.80416569313581, 0.0, 0.0, 0.0, 0.0, 0.0, 0.0, 0.0, 0.0, 0.0, 0.0, 0.0, 0.0, 0.0, 0.0, 0.0, 0.0, 0.0, 0.0, 0.0, 0.0, 0.0, 0.0, 0.0, 0.0, 0.0, 0.0, 0.0, 0.0, 0.0, 0.0], [0.0, 0.0, 0.0, 0.0, 0.0, 0.0, 0.0, 0.0, 0.0, 0.0, 0.0, 0.0, 0.0, 0.0, 0.0, 0.0, 0.0, 0.0, 0.0, 0.0, 0.0, 0.0, 0.0, 0.0, 0.0, 0.0, 0.0, 0.0, 0.0, 0.0, 36.57986836620089, 27.805075941621226, 21.067234727475704, 20.819392693395862, 36.38366645013919, 38.66234384438025, 15.390543905679943, 6.939405519220147, 38.554470526311334, 26.872747046647685, 35.95493879444029, 31.11612303013421, 45.21075119073529, 9.681833514854862, 25.096728942082088, 9.73653497161333, 15.563528290354776, 26.085956950777636, 2.391020847489366, 21.80416569313581, 0.0, 0.0, 0.0, 0.0, 0.0, 0.0, 0.0, 0.0, 0.0, 0.0, 0.0, 0.0, 0.0, 0.0, 0.0, 0.0, 0.0, 0.0, 0.0, 0.0, 0.0, 0.0, 0.0, 0.0, 0.0, 0.0, 0.0, 0.0, 0.0, 0.0], [0.0, 0.0, 0.0, 0.0, 0.0, 0.0, 0.0, 0.0, 0.0, 0.0, 0.0, 0.0, 0.0, 0.0, 0.0, 0.0, 0.0, 0.0, 0.0, 0.0, 0.0, 0.0, 0.0, 0.0, 0.0, 0.0, 0.0, 0.0, 0.0, 0.0, 36.57986836620089, 27.805075941621226, 21.067234727475704, 20.819392693395862, 36.38366645013919, 38.66234384438025, 15.390543905679943, 6.939405519220147, 38.554470526311334, 26.872747046647685, 35.95493879444029, 31.11612303013421, 45.21075119073529, 9.681833514854862, 25.096728942082088, 9.73653497161333, 15.563528290354776, 26.085956950777636, 2.391020847489366, 21.80416569313581, 0.0, 0.0, 0.0, 0.0, 0.0, 0.0, 0.0, 0.0, 0.0, 0.0, 0.0, 0.0, 0.0, 0.0, 0.0, 0.0, 0.0, 0.0, 0.0, 0.0, 0.0, 0.0, 0.0, 0.0, 0.0, 0.0, 0.0, 0.0, 0.0, 0.0], [0.0, 0.0, 0.0, 0.0, 0.0, 0.0, 0.0, 0.0, 0.0, 0.0, 0.0, 0.0, 0.0, 0.0, 0.0, 0.0, 0.0, 0.0, 0.0, 0.0, 0.0, 0.0, 0.0, 0.0, 0.0, 0.0, 0.0, 0.0, 0.0, 0.0, 36.57986836620089, 27.805075941621226, 21.067234727475704, 20.819392693395862, 36.38366645013919, 38.66234384438025, 15.390543905679943, 6.939405519220147, 38.554470526311334, 26.872747046647685, 35.95493879444029, 31.11612303013421, 45.21075119073529, 9.681833514854862, 25.096728942082088, 9.73653497161333, 15.563528290354776, 26.085956950777636, 2.391020847489366, 21.80416569313581, 0.0, 0.0, 0.0, 0.0, 0.0, 0.0, 0.0, 0.0, 0.0, 0.0, 0.0, 0.0, 0.0, 0.0, 0.0, 0.0, 0.0, 0.0, 0.0, 0.0, 0.0, 0.0, 0.0, 0.0, 0.0, 0.0, 0.0, 0.0, 0.0, 0.0], [36.57986836620089, 36.57986836620089, 36.57986836620089, 36.57986836620089, 36.57986836620089, 36.57986836620089, 36.57986836620089, 36.57986836620089, 36.57986836620089, 36.57986836620089, 36.57986836620089, 36.57986836620089, 36.57986836620089, 36.57986836620089, 36.57986836620089, 36.57986836620089, 36.57986836620089, 36.57986836620089, 36.57986836620089, 36.57986836620089, 36.57986836620089, 36.57986836620089, 36.57986836620089, 36.57986836620089, 36.57986836620089, 36.57986836620089, 36.57986836620089, 36.57986836620089, 36.57986836620089, 36.57986836620089, 0.0, 25.76127887177635, 37.40099461371882, 38.18023877551138, 23.529828451128786, 31.093166216321308, 49.465153213635176, 35.28294850724473, 13.517137759940601, 19.245020790206883, 20.054518810263207, 21.166755547272423, 10.670699695270494, 43.91130447542372, 21.376339587783814, 46.272898859771715, 50.673805544389346, 35.12088736415739, 37.47465846171355, 26.787509137872554, 36.57986836620089, 36.57986836620089, 36.57986836620089, 36.57986836620089, 36.57986836620089, 36.57986836620089, 36.57986836620089, 36.57986836620089, 36.57986836620089, 36.57986836620089, 36.57986836620089, 36.57986836620089, 36.57986836620089, 36.57986836620089, 36.57986836620089, 36.57986836620089, 36.57986836620089, 36.57986836620089, 36.57986836620089, 36.57986836620089, 36.57986836620089, 36.57986836620089, 36.57986836620089, 36.57986836620089, 36.57986836620089, 36.57986836620089, 36.57986836620089, 36.57986836620089, 36.57986836620089, 36.57986836620089], [27.805075941621226, 27.805075941621226, 27.805075941621226, 27.805075941621226, 27.805075941621226, 27.805075941621226, 27.805075941621226, 27.805075941621226, 27.805075941621226, 27.805075941621226, 27.805075941621226, 27.805075941621226, 27.805075941621226, 27.805075941621226, 27.805075941621226, 27.805075941621226, 27.805075941621226, 27.805075941621226, 27.805075941621226, 27.805075941621226, 27.805075941621226, 27.805075941621226, 27.805075941621226, 27.805075941621226, 27.805075941621226, 27.805075941621226, 27.805075941621226, 27.805075941621226, 27.805075941621226, 27.805075941621226, 25.76127887177635, 0.0, 14.576191010773043, 42.81121158424164, 42.7128146905242, 11.106131188372979, 43.15201623922904, 22.009403972575157, 17.4007413200603, 6.680152920813085, 40.08212048732676, 5.826953699516607, 27.885205498228643, 37.48606955284002, 5.34788773203818, 34.79435090858481, 43.03718377163152, 9.999296767720583, 26.906237964189028, 6.06037411525897, 27.805075941621226, 27.805075941621226, 27.805075941621226, 27.805075941621226, 27.805075941621226, 27.805075941621226, 27.805075941621226, 27.805075941621226, 27.805075941621226, 27.805075941621226, 27.805075941621226, 27.805075941621226, 27.805075941621226, 27.805075941621226, 27.805075941621226, 27.805075941621226, 27.805075941621226, 27.805075941621226, 27.805075941621226, 27.805075941621226, 27.805075941621226, 27.805075941621226, 27.805075941621226, 27.805075941621226, 27.805075941621226, 27.805075941621226, 27.805075941621226, 27.805075941621226, 27.805075941621226, 27.805075941621226], [21.067234727475704, 21.067234727475704, 21.067234727475704, 21.067234727475704, 21.067234727475704, 21.067234727475704, 21.067234727475704, 21.067234727475704, 21.067234727475704, 21.067234727475704, 21.067234727475704, 21.067234727475704, 21.067234727475704, 21.067234727475704, 21.067234727475704, 21.067234727475704, 21.067234727475704, 21.067234727475704, 21.067234727475704, 21.067234727475704, 21.067234727475704, 21.067234727475704, 21.067234727475704, 21.067234727475704, 21.067234727475704, 21.067234727475704, 21.067234727475704, 21.067234727475704, 21.067234727475704, 21.067234727475704, 37.40099461371882, 14.576191010773043, 0.0, 40.78988203446408, 48.70679081553234, 22.038556365300586, 34.68399703404722, 14.132793646701252, 31.63510874480575, 19.06755954521618, 46.872516243946144, 20.310141148188873, 41.667261962426586, 29.841277943549642, 16.597704853216104, 24.450317510261826, 33.81715172105091, 6.446172370443362, 19.148394106969672, 10.759151058345967, 21.067234727475704, 21.067234727475704, 21.067234727475704, 21.067234727475704, 21.067234727475704, 21.067234727475704, 21.067234727475704, 21.067234727475704, 21.067234727475704, 21.067234727475704, 21.067234727475704, 21.067234727475704, 21.067234727475704, 21.067234727475704, 21.067234727475704, 21.067234727475704, 21.067234727475704, 21.067234727475704, 21.067234727475704, 21.067234727475704, 21.067234727475704, 21.067234727475704, 21.067234727475704, 21.067234727475704, 21.067234727475704, 21.067234727475704, 21.067234727475704, 21.067234727475704, 21.067234727475704, 21.067234727475704], [20.819392693395862, 20.819392693395862, 20.819392693395862, 20.819392693395862, 20.819392693395862, 20.819392693395862, 20.819392693395862, 20.819392693395862, 20.819392693395862, 20.819392693395862, 20.819392693395862, 20.819392693395862, 20.819392693395862, 20.819392693395862, 20.819392693395862, 20.819392693395862, 20.819392693395862, 20.819392693395862, 20.819392693395862, 20.819392693395862, 20.819392693395862, 20.819392693395862, 20.819392693395862, 20.819392693395862, 20.819392693395862, 20.819392693395862, 20.819392693395862, 20.819392693395862, 20.819392693395862, 20.819392693395862, 38.18023877551138, 42.81121158424164, 40.78988203446408, 0.0, 24.596057939002023, 53.78902045396034, 19.383372013032197, 27.140300473105775, 46.481710646515225, 38.94908045061829, 26.20463288905244, 43.7732913263396, 48.76080229300352, 17.434704398380198, 38.30230085654656, 25.56229095824553, 21.812708372077243, 44.616702395279304, 23.187607364916072, 37.76130380584703, 20.819392693395862, 20.819392693395862, 20.819392693395862, 20.819392693395862, 20.819392693395862, 20.819392693395862, 20.819392693395862, 20.819392693395862, 20.819392693395862, 20.819392693395862, 20.819392693395862, 20.819392693395862, 20.819392693395862, 20.819392693395862, 20.819392693395862, 20.819392693395862, 20.819392693395862, 20.819392693395862, 20.819392693395862, 20.819392693395862, 20.819392693395862, 20.819392693395862, 20.819392693395862, 20.819392693395862, 20.819392693395862, 20.819392693395862, 20.819392693395862, 20.819392693395862, 20.819392693395862, 20.819392693395862], [36.38366645013919, 36.38366645013919, 36.38366645013919, 36.38366645013919, 36.38366645013919, 36.38366645013919, 36.38366645013919, 36.38366645013919, 36.38366645013919, 36.38366645013919, 36.38366645013919, 36.38366645013919, 36.38366645013919, 36.38366645013919, 36.38366645013919, 36.38366645013919, 36.38366645013919, 36.38366645013919, 36.38366645013919, 36.38366645013919, 36.38366645013919, 36.38366645013919, 36.38366645013919, 36.38366645013919, 36.38366645013919, 36.38366645013919, 36.38366645013919, 36.38366645013919, 36.38366645013919, 36.38366645013919, 23.529828451128786, 42.7128146905242, 48.70679081553234, 24.596057939002023, 0.0, 51.37360893770678, 42.6003605961629, 39.4545247641705, 36.458247550370956, 36.397960234225, 3.521898406665112, 40.330633345614004, 33.19851727413611, 38.7519036616083, 37.37263041566063, 44.97196165825389, 44.71869336267962, 49.41696885532881, 38.42965995340793, 40.49308407374018, 36.38366645013919, 36.38366645013919, 36.38366645013919, 36.38366645013919, 36.38366645013919, 36.38366645013919, 36.38366645013919, 36.38366645013919, 36.38366645013919, 36.38366645013919, 36.38366645013919, 36.38366645013919, 36.38366645013919, 36.38366645013919, 36.38366645013919, 36.38366645013919, 36.38366645013919, 36.38366645013919, 36.38366645013919, 36.38366645013919, 36.38366645013919, 36.38366645013919, 36.38366645013919, 36.38366645013919, 36.38366645013919, 36.38366645013919, 36.38366645013919, 36.38366645013919, 36.38366645013919, 36.38366645013919], [38.66234384438025, 38.66234384438025, 38.66234384438025, 38.66234384438025, 38.66234384438025, 38.66234384438025, 38.66234384438025, 38.66234384438025, 38.66234384438025, 38.66234384438025, 38.66234384438025, 38.66234384438025, 38.66234384438025, 38.66234384438025, 38.66234384438025, 38.66234384438025, 38.66234384438025, 38.66234384438025, 38.66234384438025, 38.66234384438025, 38.66234384438025, 38.66234384438025, 38.66234384438025, 38.66234384438025, 38.66234384438025, 38.66234384438025, 38.66234384438025, 38.66234384438025, 38.66234384438025, 38.66234384438025, 31.093166216321308, 11.106131188372979, 22.038556365300586, 53.78902045396034, 51.37360893770678, 0.0, 53.90288913355634, 32.512570578230445, 18.817572899824928, 15.509101761219275, 48.40792264430598, 11.081730437422257, 29.252699600898403, 48.332026727867074, 15.5724299439616, 44.9820171285567, 53.62640123255418, 15.69022118471554, 37.581375010413765, 16.892228834686545, 38.66234384438025, 38.66234384438025, 38.66234384438025, 38.66234384438025, 38.66234384438025, 38.66234384438025, 38.66234384438025, 38.66234384438025, 38.66234384438025, 38.66234384438025, 38.66234384438025, 38.66234384438025, 38.66234384438025, 38.66234384438025, 38.66234384438025, 38.66234384438025, 38.66234384438025, 38.66234384438025, 38.66234384438025, 38.66234384438025, 38.66234384438025, 38.66234384438025, 38.66234384438025, 38.66234384438025, 38.66234384438025, 38.66234384438025, 38.66234384438025, 38.66234384438025, 38.66234384438025, 38.66234384438025], [15.390543905679943, 15.390543905679943, 15.390543905679943, 15.390543905679943, 15.390543905679943, 15.390543905679943, 15.390543905679943, 15.390543905679943, 15.390543905679943, 15.390543905679943, 15.390543905679943, 15.390543905679943, 15.390543905679943, 15.390543905679943, 15.390543905679943, 15.390543905679943, 15.390543905679943, 15.390543905679943, 15.390543905679943, 15.390543905679943, 15.390543905679943, 15.390543905679943, 15.390543905679943, 15.390543905679943, 15.390543905679943, 15.390543905679943, 15.390543905679943, 15.390543905679943, 15.390543905679943, 15.390543905679943, 49.465153213635176, 43.15201623922904, 34.68399703404722, 19.383372013032197, 42.6003605961629, 53.90288913355634, 0.0, 21.468572740352275, 53.35827824365873, 42.15508615001753, 43.40118270977929, 46.48190160667981, 59.00069265599405, 5.861922284852257, 40.456016224110186, 11.002765006651316, 2.543172296721682, 40.450505110606734, 16.32653900944351, 37.12056199826746, 15.390543905679943, 15.390543905679943, 15.390543905679943, 15.390543905679943, 15.390543905679943, 15.390543905679943, 15.390543905679943, 15.390543905679943, 15.390543905679943, 15.390543905679943, 15.390543905679943, 15.390543905679943, 15.390543905679943, 15.390543905679943, 15.390543905679943, 15.390543905679943, 15.390543905679943, 15.390543905679943, 15.390543905679943, 15.390543905679943, 15.390543905679943, 15.390543905679943, 15.390543905679943, 15.390543905679943, 15.390543905679943, 15.390543905679943, 15.390543905679943, 15.390543905679943, 15.390543905679943, 15.390543905679943], [6.939405519220147, 6.939405519220147, 6.939405519220147, 6.939405519220147, 6.939405519220147, 6.939405519220147, 6.939405519220147, 6.939405519220147, 6.939405519220147, 6.939405519220147, 6.939405519220147, 6.939405519220147, 6.939405519220147, 6.939405519220147, 6.939405519220147, 6.939405519220147, 6.939405519220147, 6.939405519220147, 6.939405519220147, 6.939405519220147, 6.939405519220147, 6.939405519220147, 6.939405519220147, 6.939405519220147, 6.939405519220147, 6.939405519220147, 6.939405519220147, 6.939405519220147, 6.939405519220147, 6.939405519220147, 35.28294850724473, 22.009403972575157, 14.132793646701252, 27.140300473105775, 39.4545247641705, 32.512570578230445, 21.468572740352275, 0.0, 34.85666163718324, 22.31525128977562, 38.44193923990138, 26.05049977229275, 42.74142315427777, 16.13007526943468, 20.202280663521265, 12.906766570648351, 21.114273807588603, 19.24121326511429, 5.212310124280603, 15.952889307568624, 6.939405519220147, 6.939405519220147, 6.939405519220147, 6.939405519220147, 6.939405519220147, 6.939405519220147, 6.939405519220147, 6.939405519220147, 6.939405519220147, 6.939405519220147, 6.939405519220147, 6.939405519220147, 6.939405519220147, 6.939405519220147, 6.939405519220147, 6.939405519220147, 6.939405519220147, 6.939405519220147, 6.939405519220147, 6.939405519220147, 6.939405519220147, 6.939405519220147, 6.939405519220147, 6.939405519220147, 6.939405519220147, 6.939405519220147, 6.939405519220147, 6.939405519220147, 6.939405519220147, 6.939405519220147], [38.554470526311334, 38.554470526311334, 38.554470526311334, 38.554470526311334, 38.554470526311334, 38.554470526311334, 38.554470526311334, 38.554470526311334, 38.554470526311334, 38.554470526311334, 38.554470526311334, 38.554470526311334, 38.554470526311334, 38.554470526311334, 38.554470526311334, 38.554470526311334, 38.554470526311334, 38.554470526311334, 38.554470526311334, 38.554470526311334, 38.554470526311334, 38.554470526311334, 38.554470526311334, 38.554470526311334, 38.554470526311334, 38.554470526311334, 38.554470526311334, 38.554470526311334, 38.554470526311334, 38.554470526311334, 13.517137759940601, 17.4007413200603, 31.63510874480575, 46.481710646515225, 36.458247550370956, 18.817572899824928, 53.35827824365873, 34.85666163718324, 0.0, 13.014023192224654, 33.09327429963414, 11.60341313769672, 10.782744498480218, 47.505774352896324, 15.47522151942729, 47.46065189268365, 53.97070979495199, 27.37742842675217, 38.61768755225041, 21.25882542600051, 38.554470526311334, 38.554470526311334, 38.554470526311334, 38.554470526311334, 38.554470526311334, 38.554470526311334, 38.554470526311334, 38.554470526311334, 38.554470526311334, 38.554470526311334, 38.554470526311334, 38.554470526311334, 38.554470526311334, 38.554470526311334, 38.554470526311334, 38.554470526311334, 38.554470526311334, 38.554470526311334, 38.554470526311334, 38.554470526311334, 38.554470526311334, 38.554470526311334, 38.554470526311334, 38.554470526311334, 38.554470526311334, 38.554470526311334, 38.554470526311334, 38.554470526311334, 38.554470526311334, 38.554470526311334], [26.872747046647685, 26.872747046647685, 26.872747046647685, 26.872747046647685, 26.872747046647685, 26.872747046647685, 26.872747046647685, 26.872747046647685, 26.872747046647685, 26.872747046647685, 26.872747046647685, 26.872747046647685, 26.872747046647685, 26.872747046647685, 26.872747046647685, 26.872747046647685, 26.872747046647685, 26.872747046647685, 26.872747046647685, 26.872747046647685, 26.872747046647685, 26.872747046647685, 26.872747046647685, 26.872747046647685, 26.872747046647685, 26.872747046647685, 26.872747046647685, 26.872747046647685, 26.872747046647685, 26.872747046647685, 19.245020790206883, 6.680152920813085, 19.06755954521618, 38.94908045061829, 36.397960234225, 15.509101761219275, 42.15508615001753, 22.31525128977562, 13.014023192224654, 0.0, 33.64849067004718, 4.824303417119399, 22.614264896604304, 36.318465101937, 2.5005687395072913, 35.153856619764426, 42.435110541217256, 15.93112209808264, 26.54199129543113, 8.387844271318908, 26.872747046647685, 26.872747046647685, 26.872747046647685, 26.872747046647685, 26.872747046647685, 26.872747046647685, 26.872747046647685, 26.872747046647685, 26.872747046647685, 26.872747046647685, 26.872747046647685, 26.872747046647685, 26.872747046647685, 26.872747046647685, 26.872747046647685, 26.872747046647685, 26.872747046647685, 26.872747046647685, 26.872747046647685, 26.872747046647685, 26.872747046647685, 26.872747046647685, 26.872747046647685, 26.872747046647685, 26.872747046647685, 26.872747046647685, 26.872747046647685, 26.872747046647685, 26.872747046647685, 26.872747046647685], [35.95493879444029, 35.95493879444029, 35.95493879444029, 35.95493879444029, 35.95493879444029, 35.95493879444029, 35.95493879444029, 35.95493879444029, 35.95493879444029, 35.95493879444029, 35.95493879444029, 35.95493879444029, 35.95493879444029, 35.95493879444029, 35.95493879444029, 35.95493879444029, 35.95493879444029, 35.95493879444029, 35.95493879444029, 35.95493879444029, 35.95493879444029, 35.95493879444029, 35.95493879444029, 35.95493879444029, 35.95493879444029, 35.95493879444029, 35.95493879444029, 35.95493879444029, 35.95493879444029, 35.95493879444029, 20.054518810263207, 40.08212048732676, 46.872516243946144, 26.20463288905244, 3.521898406665112, 48.40792264430598, 43.40118270977929, 38.44193923990138, 33.09327429963414, 33.64849067004718, 0.0, 37.41644059489267, 29.67687859781046, 39.19240986390773, 34.7693838742933, 44.909977386532816, 45.4030547902583, 47.19785741790057, 37.875883349375506, 38.2190365418039, 35.95493879444029, 35.95493879444029, 35.95493879444029, 35.95493879444029, 35.95493879444029, 35.95493879444029, 35.95493879444029, 35.95493879444029, 35.95493879444029, 35.95493879444029, 35.95493879444029, 35.95493879444029, 35.95493879444029, 35.95493879444029, 35.95493879444029, 35.95493879444029, 35.95493879444029, 35.95493879444029, 35.95493879444029, 35.95493879444029, 35.95493879444029, 35.95493879444029, 35.95493879444029, 35.95493879444029, 35.95493879444029, 35.95493879444029, 35.95493879444029, 35.95493879444029, 35.95493879444029, 35.95493879444029], [31.11612303013421, 31.11612303013421, 31.11612303013421, 31.11612303013421, 31.11612303013421, 31.11612303013421, 31.11612303013421, 31.11612303013421, 31.11612303013421, 31.11612303013421, 31.11612303013421, 31.11612303013421, 31.11612303013421, 31.11612303013421, 31.11612303013421, 31.11612303013421, 31.11612303013421, 31.11612303013421, 31.11612303013421, 31.11612303013421, 31.11612303013421, 31.11612303013421, 31.11612303013421, 31.11612303013421, 31.11612303013421, 31.11612303013421, 31.11612303013421, 31.11612303013421, 31.11612303013421, 31.11612303013421, 21.166755547272423, 5.826953699516607, 20.310141148188873, 43.7732913263396, 40.330633345614004, 11.081730437422257, 46.48190160667981, 26.05049977229275, 11.60341313769672, 4.824303417119399, 37.41644059489267, 0.0, 22.199866166004753, 40.68047779293386, 6.028109996563835, 38.95724091559201, 46.63307847117658, 15.775127491780385, 30.583242684550896, 10.635531350170144, 31.11612303013421, 31.11612303013421, 31.11612303013421, 31.11612303013421, 31.11612303013421, 31.11612303013421, 31.11612303013421, 31.11612303013421, 31.11612303013421, 31.11612303013421, 31.11612303013421, 31.11612303013421, 31.11612303013421, 31.11612303013421, 31.11612303013421, 31.11612303013421, 31.11612303013421, 31.11612303013421, 31.11612303013421, 31.11612303013421, 31.11612303013421, 31.11612303013421, 31.11612303013421, 31.11612303013421, 31.11612303013421, 31.11612303013421, 31.11612303013421, 31.11612303013421, 31.11612303013421, 31.11612303013421], [45.21075119073529, 45.21075119073529, 45.21075119073529, 45.21075119073529, 45.21075119073529, 45.21075119073529, 45.21075119073529, 45.21075119073529, 45.21075119073529, 45.21075119073529, 45.21075119073529, 45.21075119073529, 45.21075119073529, 45.21075119073529, 45.21075119073529, 45.21075119073529, 45.21075119073529, 45.21075119073529, 45.21075119073529, 45.21075119073529, 45.21075119073529, 45.21075119073529, 45.21075119073529, 45.21075119073529, 45.21075119073529, 45.21075119073529, 45.21075119073529, 45.21075119073529, 45.21075119073529, 45.21075119073529, 10.670699695270494, 27.885205498228643, 41.667261962426586, 48.76080229300352, 33.19851727413611, 29.252699600898403, 59.00069265599405, 42.74142315427777, 10.782744498480218, 22.614264896604304, 29.67687859781046, 22.199866166004753, 0.0, 53.29180800136125, 25.10505302291739, 54.675613959446814, 60.0, 37.88118843276524, 45.74349126990755, 30.99440845973237, 45.21075119073529, 45.21075119073529, 45.21075119073529, 45.21075119073529, 45.21075119073529, 45.21075119073529, 45.21075119073529, 45.21075119073529, 45.21075119073529, 45.21075119073529, 45.21075119073529, 45.21075119073529, 45.21075119073529, 45.21075119073529, 45.21075119073529, 45.21075119073529, 45.21075119073529, 45.21075119073529, 45.21075119073529, 45.21075119073529, 45.21075119073529, 45.21075119073529, 45.21075119073529, 45.21075119073529, 45.21075119073529, 45.21075119073529, 45.21075119073529, 45.21075119073529, 45.21075119073529, 45.21075119073529], [9.681833514854862, 9.681833514854862, 9.681833514854862, 9.681833514854862, 9.681833514854862, 9.681833514854862, 9.681833514854862, 9.681833514854862, 9.681833514854862, 9.681833514854862, 9.681833514854862, 9.681833514854862, 9.681833514854862, 9.681833514854862, 9.681833514854862, 9.681833514854862, 9.681833514854862, 9.681833514854862, 9.681833514854862, 9.681833514854862, 9.681833514854862, 9.681833514854862, 9.681833514854862, 9.681833514854862, 9.681833514854862, 9.681833514854862, 9.681833514854862, 9.681833514854862, 9.681833514854862, 9.681833514854862, 43.91130447542372, 37.48606955284002, 29.841277943549642, 17.434704398380198, 38.7519036616083, 48.332026727867074, 5.861922284852257, 16.13007526943468, 47.505774352896324, 36.318465101937, 39.19240986390773, 40.68047779293386, 53.29180800136125, 0.0, 34.65249637553838, 8.452588134978772, 6.765766681384329, 35.33088105536928, 10.91841225983741, 31.484775985095958, 9.681833514854862, 9.681833514854862, 9.681833514854862, 9.681833514854862, 9.681833514854862, 9.681833514854862, 9.681833514854862, 9.681833514854862, 9.681833514854862, 9.681833514854862, 9.681833514854862, 9.681833514854862, 9.681833514854862, 9.681833514854862, 9.681833514854862, 9.681833514854862, 9.681833514854862, 9.681833514854862, 9.681833514854862, 9.681833514854862, 9.681833514854862, 9.681833514854862, 9.681833514854862, 9.681833514854862, 9.681833514854862, 9.681833514854862, 9.681833514854862, 9.681833514854862, 9.681833514854862, 9.681833514854862], [25.096728942082088, 25.096728942082088, 25.096728942082088, 25.096728942082088, 25.096728942082088, 25.096728942082088, 25.096728942082088, 25.096728942082088, 25.096728942082088, 25.096728942082088, 25.096728942082088, 25.096728942082088, 25.096728942082088, 25.096728942082088, 25.096728942082088, 25.096728942082088, 25.096728942082088, 25.096728942082088, 25.096728942082088, 25.096728942082088, 25.096728942082088, 25.096728942082088, 25.096728942082088, 25.096728942082088, 25.096728942082088, 25.096728942082088, 25.096728942082088, 25.096728942082088, 25.096728942082088, 25.096728942082088, 21.376339587783814, 5.34788773203818, 16.597704853216104, 38.30230085654656, 37.37263041566063, 15.5724299439616, 40.456016224110186, 20.202280663521265, 15.47522151942729, 2.5005687395072913, 34.7693838742933, 6.028109996563835, 25.10505302291739, 34.65249637553838, 0.0, 33.09181707535481, 40.62703825300869, 13.749517835672686, 24.612593849975784, 5.890576765074617, 25.096728942082088, 25.096728942082088, 25.096728942082088, 25.096728942082088, 25.096728942082088, 25.096728942082088, 25.096728942082088, 25.096728942082088, 25.096728942082088, 25.096728942082088, 25.096728942082088, 25.096728942082088, 25.096728942082088, 25.096728942082088, 25.096728942082088, 25.096728942082088, 25.096728942082088, 25.096728942082088, 25.096728942082088, 25.096728942082088, 25.096728942082088, 25.096728942082088, 25.096728942082088, 25.096728942082088, 25.096728942082088, 25.096728942082088, 25.096728942082088, 25.096728942082088, 25.096728942082088, 25.096728942082088], [9.73653497161333, 9.73653497161333, 9.73653497161333, 9.73653497161333, 9.73653497161333, 9.73653497161333, 9.73653497161333, 9.73653497161333, 9.73653497161333, 9.73653497161333, 9.73653497161333, 9.73653497161333, 9.73653497161333, 9.73653497161333, 9.73653497161333, 9.73653497161333, 9.73653497161333, 9.73653497161333, 9.73653497161333, 9.73653497161333, 9.73653497161333, 9.73653497161333, 9.73653497161333, 9.73653497161333, 9.73653497161333, 9.73653497161333, 9.73653497161333, 9.73653497161333, 9.73653497161333, 9.73653497161333, 46.272898859771715, 34.79435090858481, 24.450317510261826, 25.56229095824553, 44.97196165825389, 44.9820171285567, 11.002765006651316, 12.906766570648351, 47.46065189268365, 35.153856619764426, 44.909977386532816, 38.95724091559201, 54.675613959446814, 8.452588134978772, 33.09181707535481, 0.0, 9.574965808404249, 30.5596930899787, 8.93608307503316, 28.766579134532265, 9.73653497161333, 9.73653497161333, 9.73653497161333, 9.73653497161333, 9.73653497161333, 9.73653497161333, 9.73653497161333, 9.73653497161333, 9.73653497161333, 9.73653497161333, 9.73653497161333, 9.73653497161333, 9.73653497161333, 9.73653497161333, 9.73653497161333, 9.73653497161333, 9.73653497161333, 9.73653497161333, 9.73653497161333, 9.73653497161333, 9.73653497161333, 9.73653497161333, 9.73653497161333, 9.73653497161333, 9.73653497161333, 9.73653497161333, 9.73653497161333, 9.73653497161333, 9.73653497161333, 9.73653497161333], [15.563528290354776, 15.563528290354776, 15.563528290354776, 15.563528290354776, 15.563528290354776, 15.563528290354776, 15.563528290354776, 15.563528290354776, 15.563528290354776, 15.563528290354776, 15.563528290354776, 15.563528290354776, 15.563528290354776, 15.563528290354776, 15.563528290354776, 15.563528290354776, 15.563528290354776, 15.563528290354776, 15.563528290354776, 15.563528290354776, 15.563528290354776, 15.563528290354776, 15.563528290354776, 15.563528290354776, 15.563528290354776, 15.563528290354776, 15.563528290354776, 15.563528290354776, 15.563528290354776, 15.563528290354776, 50.673805544389346, 43.03718377163152, 33.81715172105091, 21.812708372077243, 44.71869336267962, 53.62640123255418, 2.543172296721682, 21.114273807588603, 53.97070979495199, 42.435110541217256, 45.4030547902583, 46.63307847117658, 60.0, 6.765766681384329, 40.62703825300869, 9.574965808404249, 0.0, 39.75944885254231, 16.13557595217316, 36.98034432567327, 15.563528290354776, 15.563528290354776, 15.563528290354776, 15.563528290354776, 15.563528290354776, 15.563528290354776, 15.563528290354776, 15.563528290354776, 15.563528290354776, 15.563528290354776, 15.563528290354776, 15.563528290354776, 15.563528290354776, 15.563528290354776, 15.563528290354776, 15.563528290354776, 15.563528290354776, 15.563528290354776, 15.563528290354776, 15.563528290354776, 15.563528290354776, 15.563528290354776, 15.563528290354776, 15.563528290354776, 15.563528290354776, 15.563528290354776, 15.563528290354776, 15.563528290354776, 15.563528290354776, 15.563528290354776], [26.085956950777636, 26.085956950777636, 26.085956950777636, 26.085956950777636, 26.085956950777636, 26.085956950777636, 26.085956950777636, 26.085956950777636, 26.085956950777636, 26.085956950777636, 26.085956950777636, 26.085956950777636, 26.085956950777636, 26.085956950777636, 26.085956950777636, 26.085956950777636, 26.085956950777636, 26.085956950777636, 26.085956950777636, 26.085956950777636, 26.085956950777636, 26.085956950777636, 26.085956950777636, 26.085956950777636, 26.085956950777636, 26.085956950777636, 26.085956950777636, 26.085956950777636, 26.085956950777636, 26.085956950777636, 35.12088736415739, 9.999296767720583, 6.446172370443362, 44.616702395279304, 49.41696885532881, 15.69022118471554, 40.450505110606734, 19.24121326511429, 27.37742842675217, 15.93112209808264, 47.19785741790057, 15.775127491780385, 37.88118843276524, 35.33088105536928, 13.749517835672686, 30.5596930899787, 39.75944885254231, 0.0, 24.43939524534268, 8.999100832002178, 26.085956950777636, 26.085956950777636, 26.085956950777636, 26.085956950777636, 26.085956950777636, 26.085956950777636, 26.085956950777636, 26.085956950777636, 26.085956950777636, 26.085956950777636, 26.085956950777636, 26.085956950777636, 26.085956950777636, 26.085956950777636, 26.085956950777636, 26.085956950777636, 26.085956950777636, 26.085956950777636, 26.085956950777636, 26.085956950777636, 26.085956950777636, 26.085956950777636, 26.085956950777636, 26.085956950777636, 26.085956950777636, 26.085956950777636, 26.085956950777636, 26.085956950777636, 26.085956950777636, 26.085956950777636], [2.391020847489366, 2.391020847489366, 2.391020847489366, 2.391020847489366, 2.391020847489366, 2.391020847489366, 2.391020847489366, 2.391020847489366, 2.391020847489366, 2.391020847489366, 2.391020847489366, 2.391020847489366, 2.391020847489366, 2.391020847489366, 2.391020847489366, 2.391020847489366, 2.391020847489366, 2.391020847489366, 2.391020847489366, 2.391020847489366, 2.391020847489366, 2.391020847489366, 2.391020847489366, 2.391020847489366, 2.391020847489366, 2.391020847489366, 2.391020847489366, 2.391020847489366, 2.391020847489366, 2.391020847489366, 37.47465846171355, 26.906237964189028, 19.148394106969672, 23.187607364916072, 38.42965995340793, 37.581375010413765, 16.32653900944351, 5.212310124280603, 38.61768755225041, 26.54199129543113, 37.875883349375506, 30.583242684550896, 45.74349126990755, 10.91841225983741, 24.612593849975784, 8.93608307503316, 16.13557595217316, 24.43939524534268, 0.0, 20.85309944219434, 2.391020847489366, 2.391020847489366, 2.391020847489366, 2.391020847489366, 2.391020847489366, 2.391020847489366, 2.391020847489366, 2.391020847489366, 2.391020847489366, 2.391020847489366, 2.391020847489366, 2.391020847489366, 2.391020847489366, 2.391020847489366, 2.391020847489366, 2.391020847489366, 2.391020847489366, 2.391020847489366, 2.391020847489366, 2.391020847489366, 2.391020847489366, 2.391020847489366, 2.391020847489366, 2.391020847489366, 2.391020847489366, 2.391020847489366, 2.391020847489366, 2.391020847489366, 2.391020847489366, 2.391020847489366], [21.80416569313581, 21.80416569313581, 21.80416569313581, 21.80416569313581, 21.80416569313581, 21.80416569313581, 21.80416569313581, 21.80416569313581, 21.80416569313581, 21.80416569313581, 21.80416569313581, 21.80416569313581, 21.80416569313581, 21.80416569313581, 21.80416569313581, 21.80416569313581, 21.80416569313581, 21.80416569313581, 21.80416569313581, 21.80416569313581, 21.80416569313581, 21.80416569313581, 21.80416569313581, 21.80416569313581, 21.80416569313581, 21.80416569313581, 21.80416569313581, 21.80416569313581, 21.80416569313581, 21.80416569313581, 26.787509137872554, 6.06037411525897, 10.759151058345967, 37.76130380584703, 40.49308407374018, 16.892228834686545, 37.12056199826746, 15.952889307568624, 21.25882542600051, 8.387844271318908, 38.2190365418039, 10.635531350170144, 30.99440845973237, 31.484775985095958, 5.890576765074617, 28.766579134532265, 36.98034432567327, 8.999100832002178, 20.85309944219434, 0.0, 21.80416569313581, 21.80416569313581, 21.80416569313581, 21.80416569313581, 21.80416569313581, 21.80416569313581, 21.80416569313581, 21.80416569313581, 21.80416569313581, 21.80416569313581, 21.80416569313581, 21.80416569313581, 21.80416569313581, 21.80416569313581, 21.80416569313581, 21.80416569313581, 21.80416569313581, 21.80416569313581, 21.80416569313581, 21.80416569313581, 21.80416569313581, 21.80416569313581, 21.80416569313581, 21.80416569313581, 21.80416569313581, 21.80416569313581, 21.80416569313581, 21.80416569313581, 21.80416569313581, 21.80416569313581], [0.0, 0.0, 0.0, 0.0, 0.0, 0.0, 0.0, 0.0, 0.0, 0.0, 0.0, 0.0, 0.0, 0.0, 0.0, 0.0, 0.0, 0.0, 0.0, 0.0, 0.0, 0.0, 0.0, 0.0, 0.0, 0.0, 0.0, 0.0, 0.0, 0.0, 36.57986836620089, 27.805075941621226, 21.067234727475704, 20.819392693395862, 36.38366645013919, 38.66234384438025, 15.390543905679943, 6.939405519220147, 38.554470526311334, 26.872747046647685, 35.95493879444029, 31.11612303013421, 45.21075119073529, 9.681833514854862, 25.096728942082088, 9.73653497161333, 15.563528290354776, 26.085956950777636, 2.391020847489366, 21.80416569313581, 0.0, 0.0, 0.0, 0.0, 0.0, 0.0, 0.0, 0.0, 0.0, 0.0, 0.0, 0.0, 0.0, 0.0, 0.0, 0.0, 0.0, 0.0, 0.0, 0.0, 0.0, 0.0, 0.0, 0.0, 0.0, 0.0, 0.0, 0.0, 0.0, 0.0], [0.0, 0.0, 0.0, 0.0, 0.0, 0.0, 0.0, 0.0, 0.0, 0.0, 0.0, 0.0, 0.0, 0.0, 0.0, 0.0, 0.0, 0.0, 0.0, 0.0, 0.0, 0.0, 0.0, 0.0, 0.0, 0.0, 0.0, 0.0, 0.0, 0.0, 36.57986836620089, 27.805075941621226, 21.067234727475704, 20.819392693395862, 36.38366645013919, 38.66234384438025, 15.390543905679943, 6.939405519220147, 38.554470526311334, 26.872747046647685, 35.95493879444029, 31.11612303013421, 45.21075119073529, 9.681833514854862, 25.096728942082088, 9.73653497161333, 15.563528290354776, 26.085956950777636, 2.391020847489366, 21.80416569313581, 0.0, 0.0, 0.0, 0.0, 0.0, 0.0, 0.0, 0.0, 0.0, 0.0, 0.0, 0.0, 0.0, 0.0, 0.0, 0.0, 0.0, 0.0, 0.0, 0.0, 0.0, 0.0, 0.0, 0.0, 0.0, 0.0, 0.0, 0.0, 0.0, 0.0], [0.0, 0.0, 0.0, 0.0, 0.0, 0.0, 0.0, 0.0, 0.0, 0.0, 0.0, 0.0, 0.0, 0.0, 0.0, 0.0, 0.0, 0.0, 0.0, 0.0, 0.0, 0.0, 0.0, 0.0, 0.0, 0.0, 0.0, 0.0, 0.0, 0.0, 36.57986836620089, 27.805075941621226, 21.067234727475704, 20.819392693395862, 36.38366645013919, 38.66234384438025, 15.390543905679943, 6.939405519220147, 38.554470526311334, 26.872747046647685, 35.95493879444029, 31.11612303013421, 45.21075119073529, 9.681833514854862, 25.096728942082088, 9.73653497161333, 15.563528290354776, 26.085956950777636, 2.391020847489366, 21.80416569313581, 0.0, 0.0, 0.0, 0.0, 0.0, 0.0, 0.0, 0.0, 0.0, 0.0, 0.0, 0.0, 0.0, 0.0, 0.0, 0.0, 0.0, 0.0, 0.0, 0.0, 0.0, 0.0, 0.0, 0.0, 0.0, 0.0, 0.0, 0.0, 0.0, 0.0], [0.0, 0.0, 0.0, 0.0, 0.0, 0.0, 0.0, 0.0, 0.0, 0.0, 0.0, 0.0, 0.0, 0.0, 0.0, 0.0, 0.0, 0.0, 0.0, 0.0, 0.0, 0.0, 0.0, 0.0, 0.0, 0.0, 0.0, 0.0, 0.0, 0.0, 36.57986836620089, 27.805075941621226, 21.067234727475704, 20.819392693395862, 36.38366645013919, 38.66234384438025, 15.390543905679943, 6.939405519220147, 38.554470526311334, 26.872747046647685, 35.95493879444029, 31.11612303013421, 45.21075119073529, 9.681833514854862, 25.096728942082088, 9.73653497161333, 15.563528290354776, 26.085956950777636, 2.391020847489366, 21.80416569313581, 0.0, 0.0, 0.0, 0.0, 0.0, 0.0, 0.0, 0.0, 0.0, 0.0, 0.0, 0.0, 0.0, 0.0, 0.0, 0.0, 0.0, 0.0, 0.0, 0.0, 0.0, 0.0, 0.0, 0.0, 0.0, 0.0, 0.0, 0.0, 0.0, 0.0], [0.0, 0.0, 0.0, 0.0, 0.0, 0.0, 0.0, 0.0, 0.0, 0.0, 0.0, 0.0, 0.0, 0.0, 0.0, 0.0, 0.0, 0.0, 0.0, 0.0, 0.0, 0.0, 0.0, 0.0, 0.0, 0.0, 0.0, 0.0, 0.0, 0.0, 36.57986836620089, 27.805075941621226, 21.067234727475704, 20.819392693395862, 36.38366645013919, 38.66234384438025, 15.390543905679943, 6.939405519220147, 38.554470526311334, 26.872747046647685, 35.95493879444029, 31.11612303013421, 45.21075119073529, 9.681833514854862, 25.096728942082088, 9.73653497161333, 15.563528290354776, 26.085956950777636, 2.391020847489366, 21.80416569313581, 0.0, 0.0, 0.0, 0.0, 0.0, 0.0, 0.0, 0.0, 0.0, 0.0, 0.0, 0.0, 0.0, 0.0, 0.0, 0.0, 0.0, 0.0, 0.0, 0.0, 0.0, 0.0, 0.0, 0.0, 0.0, 0.0, 0.0, 0.0, 0.0, 0.0], [0.0, 0.0, 0.0, 0.0, 0.0, 0.0, 0.0, 0.0, 0.0, 0.0, 0.0, 0.0, 0.0, 0.0, 0.0, 0.0, 0.0, 0.0, 0.0, 0.0, 0.0, 0.0, 0.0, 0.0, 0.0, 0.0, 0.0, 0.0, 0.0, 0.0, 36.57986836620089, 27.805075941621226, 21.067234727475704, 20.819392693395862, 36.38366645013919, 38.66234384438025, 15.390543905679943, 6.939405519220147, 38.554470526311334, 26.872747046647685, 35.95493879444029, 31.11612303013421, 45.21075119073529, 9.681833514854862, 25.096728942082088, 9.73653497161333, 15.563528290354776, 26.085956950777636, 2.391020847489366, 21.80416569313581, 0.0, 0.0, 0.0, 0.0, 0.0, 0.0, 0.0, 0.0, 0.0, 0.0, 0.0, 0.0, 0.0, 0.0, 0.0, 0.0, 0.0, 0.0, 0.0, 0.0, 0.0, 0.0, 0.0, 0.0, 0.0, 0.0, 0.0, 0.0, 0.0, 0.0], [0.0, 0.0, 0.0, 0.0, 0.0, 0.0, 0.0, 0.0, 0.0, 0.0, 0.0, 0.0, 0.0, 0.0, 0.0, 0.0, 0.0, 0.0, 0.0, 0.0, 0.0, 0.0, 0.0, 0.0, 0.0, 0.0, 0.0, 0.0, 0.0, 0.0, 36.57986836620089, 27.805075941621226, 21.067234727475704, 20.819392693395862, 36.38366645013919, 38.66234384438025, 15.390543905679943, 6.939405519220147, 38.554470526311334, 26.872747046647685, 35.95493879444029, 31.11612303013421, 45.21075119073529, 9.681833514854862, 25.096728942082088, 9.73653497161333, 15.563528290354776, 26.085956950777636, 2.391020847489366, 21.80416569313581, 0.0, 0.0, 0.0, 0.0, 0.0, 0.0, 0.0, 0.0, 0.0, 0.0, 0.0, 0.0, 0.0, 0.0, 0.0, 0.0, 0.0, 0.0, 0.0, 0.0, 0.0, 0.0, 0.0, 0.0, 0.0, 0.0, 0.0, 0.0, 0.0, 0.0], [0.0, 0.0, 0.0, 0.0, 0.0, 0.0, 0.0, 0.0, 0.0, 0.0, 0.0, 0.0, 0.0, 0.0, 0.0, 0.0, 0.0, 0.0, 0.0, 0.0, 0.0, 0.0, 0.0, 0.0, 0.0, 0.0, 0.0, 0.0, 0.0, 0.0, 36.57986836620089, 27.805075941621226, 21.067234727475704, 20.819392693395862, 36.38366645013919, 38.66234384438025, 15.390543905679943, 6.939405519220147, 38.554470526311334, 26.872747046647685, 35.95493879444029, 31.11612303013421, 45.21075119073529, 9.681833514854862, 25.096728942082088, 9.73653497161333, 15.563528290354776, 26.085956950777636, 2.391020847489366, 21.80416569313581, 0.0, 0.0, 0.0, 0.0, 0.0, 0.0, 0.0, 0.0, 0.0, 0.0, 0.0, 0.0, 0.0, 0.0, 0.0, 0.0, 0.0, 0.0, 0.0, 0.0, 0.0, 0.0, 0.0, 0.0, 0.0, 0.0, 0.0, 0.0, 0.0, 0.0], [0.0, 0.0, 0.0, 0.0, 0.0, 0.0, 0.0, 0.0, 0.0, 0.0, 0.0, 0.0, 0.0, 0.0, 0.0, 0.0, 0.0, 0.0, 0.0, 0.0, 0.0, 0.0, 0.0, 0.0, 0.0, 0.0, 0.0, 0.0, 0.0, 0.0, 36.57986836620089, 27.805075941621226, 21.067234727475704, 20.819392693395862, 36.38366645013919, 38.66234384438025, 15.390543905679943, 6.939405519220147, 38.554470526311334, 26.872747046647685, 35.95493879444029, 31.11612303013421, 45.21075119073529, 9.681833514854862, 25.096728942082088, 9.73653497161333, 15.563528290354776, 26.085956950777636, 2.391020847489366, 21.80416569313581, 0.0, 0.0, 0.0, 0.0, 0.0, 0.0, 0.0, 0.0, 0.0, 0.0, 0.0, 0.0, 0.0, 0.0, 0.0, 0.0, 0.0, 0.0, 0.0, 0.0, 0.0, 0.0, 0.0, 0.0, 0.0, 0.0, 0.0, 0.0, 0.0, 0.0], [0.0, 0.0, 0.0, 0.0, 0.0, 0.0, 0.0, 0.0, 0.0, 0.0, 0.0, 0.0, 0.0, 0.0, 0.0, 0.0, 0.0, 0.0, 0.0, 0.0, 0.0, 0.0, 0.0, 0.0, 0.0, 0.0, 0.0, 0.0, 0.0, 0.0, 36.57986836620089, 27.805075941621226, 21.067234727475704, 20.819392693395862, 36.38366645013919, 38.66234384438025, 15.390543905679943, 6.939405519220147, 38.554470526311334, 26.872747046647685, 35.95493879444029, 31.11612303013421, 45.21075119073529, 9.681833514854862, 25.096728942082088, 9.73653497161333, 15.563528290354776, 26.085956950777636, 2.391020847489366, 21.80416569313581, 0.0, 0.0, 0.0, 0.0, 0.0, 0.0, 0.0, 0.0, 0.0, 0.0, 0.0, 0.0, 0.0, 0.0, 0.0, 0.0, 0.0, 0.0, 0.0, 0.0, 0.0, 0.0, 0.0, 0.0, 0.0, 0.0, 0.0, 0.0, 0.0, 0.0], [0.0, 0.0, 0.0, 0.0, 0.0, 0.0, 0.0, 0.0, 0.0, 0.0, 0.0, 0.0, 0.0, 0.0, 0.0, 0.0, 0.0, 0.0, 0.0, 0.0, 0.0, 0.0, 0.0, 0.0, 0.0, 0.0, 0.0, 0.0, 0.0, 0.0, 36.57986836620089, 27.805075941621226, 21.067234727475704, 20.819392693395862, 36.38366645013919, 38.66234384438025, 15.390543905679943, 6.939405519220147, 38.554470526311334, 26.872747046647685, 35.95493879444029, 31.11612303013421, 45.21075119073529, 9.681833514854862, 25.096728942082088, 9.73653497161333, 15.563528290354776, 26.085956950777636, 2.391020847489366, 21.80416569313581, 0.0, 0.0, 0.0, 0.0, 0.0, 0.0, 0.0, 0.0, 0.0, 0.0, 0.0, 0.0, 0.0, 0.0, 0.0, 0.0, 0.0, 0.0, 0.0, 0.0, 0.0, 0.0, 0.0, 0.0, 0.0, 0.0, 0.0, 0.0, 0.0, 0.0], [0.0, 0.0, 0.0, 0.0, 0.0, 0.0, 0.0, 0.0, 0.0, 0.0, 0.0, 0.0, 0.0, 0.0, 0.0, 0.0, 0.0, 0.0, 0.0, 0.0, 0.0, 0.0, 0.0, 0.0, 0.0, 0.0, 0.0, 0.0, 0.0, 0.0, 36.57986836620089, 27.805075941621226, 21.067234727475704, 20.819392693395862, 36.38366645013919, 38.66234384438025, 15.390543905679943, 6.939405519220147, 38.554470526311334, 26.872747046647685, 35.95493879444029, 31.11612303013421, 45.21075119073529, 9.681833514854862, 25.096728942082088, 9.73653497161333, 15.563528290354776, 26.085956950777636, 2.391020847489366, 21.80416569313581, 0.0, 0.0, 0.0, 0.0, 0.0, 0.0, 0.0, 0.0, 0.0, 0.0, 0.0, 0.0, 0.0, 0.0, 0.0, 0.0, 0.0, 0.0, 0.0, 0.0, 0.0, 0.0, 0.0, 0.0, 0.0, 0.0, 0.0, 0.0, 0.0, 0.0], [0.0, 0.0, 0.0, 0.0, 0.0, 0.0, 0.0, 0.0, 0.0, 0.0, 0.0, 0.0, 0.0, 0.0, 0.0, 0.0, 0.0, 0.0, 0.0, 0.0, 0.0, 0.0, 0.0, 0.0, 0.0, 0.0, 0.0, 0.0, 0.0, 0.0, 36.57986836620089, 27.805075941621226, 21.067234727475704, 20.819392693395862, 36.38366645013919, 38.66234384438025, 15.390543905679943, 6.939405519220147, 38.554470526311334, 26.872747046647685, 35.95493879444029, 31.11612303013421, 45.21075119073529, 9.681833514854862, 25.096728942082088, 9.73653497161333, 15.563528290354776, 26.085956950777636, 2.391020847489366, 21.80416569313581, 0.0, 0.0, 0.0, 0.0, 0.0, 0.0, 0.0, 0.0, 0.0, 0.0, 0.0, 0.0, 0.0, 0.0, 0.0, 0.0, 0.0, 0.0, 0.0, 0.0, 0.0, 0.0, 0.0, 0.0, 0.0, 0.0, 0.0, 0.0, 0.0, 0.0], [0.0, 0.0, 0.0, 0.0, 0.0, 0.0, 0.0, 0.0, 0.0, 0.0, 0.0, 0.0, 0.0, 0.0, 0.0, 0.0, 0.0, 0.0, 0.0, 0.0, 0.0, 0.0, 0.0, 0.0, 0.0, 0.0, 0.0, 0.0, 0.0, 0.0, 36.57986836620089, 27.805075941621226, 21.067234727475704, 20.819392693395862, 36.38366645013919, 38.66234384438025, 15.390543905679943, 6.939405519220147, 38.554470526311334, 26.872747046647685, 35.95493879444029, 31.11612303013421, 45.21075119073529, 9.681833514854862, 25.096728942082088, 9.73653497161333, 15.563528290354776, 26.085956950777636, 2.391020847489366, 21.80416569313581, 0.0, 0.0, 0.0, 0.0, 0.0, 0.0, 0.0, 0.0, 0.0, 0.0, 0.0, 0.0, 0.0, 0.0, 0.0, 0.0, 0.0, 0.0, 0.0, 0.0, 0.0, 0.0, 0.0, 0.0, 0.0, 0.0, 0.0, 0.0, 0.0, 0.0], [0.0, 0.0, 0.0, 0.0, 0.0, 0.0, 0.0, 0.0, 0.0, 0.0, 0.0, 0.0, 0.0, 0.0, 0.0, 0.0, 0.0, 0.0, 0.0, 0.0, 0.0, 0.0, 0.0, 0.0, 0.0, 0.0, 0.0, 0.0, 0.0, 0.0, 36.57986836620089, 27.805075941621226, 21.067234727475704, 20.819392693395862, 36.38366645013919, 38.66234384438025, 15.390543905679943, 6.939405519220147, 38.554470526311334, 26.872747046647685, 35.95493879444029, 31.11612303013421, 45.21075119073529, 9.681833514854862, 25.096728942082088, 9.73653497161333, 15.563528290354776, 26.085956950777636, 2.391020847489366, 21.80416569313581, 0.0, 0.0, 0.0, 0.0, 0.0, 0.0, 0.0, 0.0, 0.0, 0.0, 0.0, 0.0, 0.0, 0.0, 0.0, 0.0, 0.0, 0.0, 0.0, 0.0, 0.0, 0.0, 0.0, 0.0, 0.0, 0.0, 0.0, 0.0, 0.0, 0.0], [0.0, 0.0, 0.0, 0.0, 0.0, 0.0, 0.0, 0.0, 0.0, 0.0, 0.0, 0.0, 0.0, 0.0, 0.0, 0.0, 0.0, 0.0, 0.0, 0.0, 0.0, 0.0, 0.0, 0.0, 0.0, 0.0, 0.0, 0.0, 0.0, 0.0, 36.57986836620089, 27.805075941621226, 21.067234727475704, 20.819392693395862, 36.38366645013919, 38.66234384438025, 15.390543905679943, 6.939405519220147, 38.554470526311334, 26.872747046647685, 35.95493879444029, 31.11612303013421, 45.21075119073529, 9.681833514854862, 25.096728942082088, 9.73653497161333, 15.563528290354776, 26.085956950777636, 2.391020847489366, 21.80416569313581, 0.0, 0.0, 0.0, 0.0, 0.0, 0.0, 0.0, 0.0, 0.0, 0.0, 0.0, 0.0, 0.0, 0.0, 0.0, 0.0, 0.0, 0.0, 0.0, 0.0, 0.0, 0.0, 0.0, 0.0, 0.0, 0.0, 0.0, 0.0, 0.0, 0.0], [0.0, 0.0, 0.0, 0.0, 0.0, 0.0, 0.0, 0.0, 0.0, 0.0, 0.0, 0.0, 0.0, 0.0, 0.0, 0.0, 0.0, 0.0, 0.0, 0.0, 0.0, 0.0, 0.0, 0.0, 0.0, 0.0, 0.0, 0.0, 0.0, 0.0, 36.57986836620089, 27.805075941621226, 21.067234727475704, 20.819392693395862, 36.38366645013919, 38.66234384438025, 15.390543905679943, 6.939405519220147, 38.554470526311334, 26.872747046647685, 35.95493879444029, 31.11612303013421, 45.21075119073529, 9.681833514854862, 25.096728942082088, 9.73653497161333, 15.563528290354776, 26.085956950777636, 2.391020847489366, 21.80416569313581, 0.0, 0.0, 0.0, 0.0, 0.0, 0.0, 0.0, 0.0, 0.0, 0.0, 0.0, 0.0, 0.0, 0.0, 0.0, 0.0, 0.0, 0.0, 0.0, 0.0, 0.0, 0.0, 0.0, 0.0, 0.0, 0.0, 0.0, 0.0, 0.0, 0.0], [0.0, 0.0, 0.0, 0.0, 0.0, 0.0, 0.0, 0.0, 0.0, 0.0, 0.0, 0.0, 0.0, 0.0, 0.0, 0.0, 0.0, 0.0, 0.0, 0.0, 0.0, 0.0, 0.0, 0.0, 0.0, 0.0, 0.0, 0.0, 0.0, 0.0, 36.57986836620089, 27.805075941621226, 21.067234727475704, 20.819392693395862, 36.38366645013919, 38.66234384438025, 15.390543905679943, 6.939405519220147, 38.554470526311334, 26.872747046647685, 35.95493879444029, 31.11612303013421, 45.21075119073529, 9.681833514854862, 25.096728942082088, 9.73653497161333, 15.563528290354776, 26.085956950777636, 2.391020847489366, 21.80416569313581, 0.0, 0.0, 0.0, 0.0, 0.0, 0.0, 0.0, 0.0, 0.0, 0.0, 0.0, 0.0, 0.0, 0.0, 0.0, 0.0, 0.0, 0.0, 0.0, 0.0, 0.0, 0.0, 0.0, 0.0, 0.0, 0.0, 0.0, 0.0, 0.0, 0.0], [0.0, 0.0, 0.0, 0.0, 0.0, 0.0, 0.0, 0.0, 0.0, 0.0, 0.0, 0.0, 0.0, 0.0, 0.0, 0.0, 0.0, 0.0, 0.0, 0.0, 0.0, 0.0, 0.0, 0.0, 0.0, 0.0, 0.0, 0.0, 0.0, 0.0, 36.57986836620089, 27.805075941621226, 21.067234727475704, 20.819392693395862, 36.38366645013919, 38.66234384438025, 15.390543905679943, 6.939405519220147, 38.554470526311334, 26.872747046647685, 35.95493879444029, 31.11612303013421, 45.21075119073529, 9.681833514854862, 25.096728942082088, 9.73653497161333, 15.563528290354776, 26.085956950777636, 2.391020847489366, 21.80416569313581, 0.0, 0.0, 0.0, 0.0, 0.0, 0.0, 0.0, 0.0, 0.0, 0.0, 0.0, 0.0, 0.0, 0.0, 0.0, 0.0, 0.0, 0.0, 0.0, 0.0, 0.0, 0.0, 0.0, 0.0, 0.0, 0.0, 0.0, 0.0, 0.0, 0.0], [0.0, 0.0, 0.0, 0.0, 0.0, 0.0, 0.0, 0.0, 0.0, 0.0, 0.0, 0.0, 0.0, 0.0, 0.0, 0.0, 0.0, 0.0, 0.0, 0.0, 0.0, 0.0, 0.0, 0.0, 0.0, 0.0, 0.0, 0.0, 0.0, 0.0, 36.57986836620089, 27.805075941621226, 21.067234727475704, 20.819392693395862, 36.38366645013919, 38.66234384438025, 15.390543905679943, 6.939405519220147, 38.554470526311334, 26.872747046647685, 35.95493879444029, 31.11612303013421, 45.21075119073529, 9.681833514854862, 25.096728942082088, 9.73653497161333, 15.563528290354776, 26.085956950777636, 2.391020847489366, 21.80416569313581, 0.0, 0.0, 0.0, 0.0, 0.0, 0.0, 0.0, 0.0, 0.0, 0.0, 0.0, 0.0, 0.0, 0.0, 0.0, 0.0, 0.0, 0.0, 0.0, 0.0, 0.0, 0.0, 0.0, 0.0, 0.0, 0.0, 0.0, 0.0, 0.0, 0.0], [0.0, 0.0, 0.0, 0.0, 0.0, 0.0, 0.0, 0.0, 0.0, 0.0, 0.0, 0.0, 0.0, 0.0, 0.0, 0.0, 0.0, 0.0, 0.0, 0.0, 0.0, 0.0, 0.0, 0.0, 0.0, 0.0, 0.0, 0.0, 0.0, 0.0, 36.57986836620089, 27.805075941621226, 21.067234727475704, 20.819392693395862, 36.38366645013919, 38.66234384438025, 15.390543905679943, 6.939405519220147, 38.554470526311334, 26.872747046647685, 35.95493879444029, 31.11612303013421, 45.21075119073529, 9.681833514854862, 25.096728942082088, 9.73653497161333, 15.563528290354776, 26.085956950777636, 2.391020847489366, 21.80416569313581, 0.0, 0.0, 0.0, 0.0, 0.0, 0.0, 0.0, 0.0, 0.0, 0.0, 0.0, 0.0, 0.0, 0.0, 0.0, 0.0, 0.0, 0.0, 0.0, 0.0, 0.0, 0.0, 0.0, 0.0, 0.0, 0.0, 0.0, 0.0, 0.0, 0.0], [0.0, 0.0, 0.0, 0.0, 0.0, 0.0, 0.0, 0.0, 0.0, 0.0, 0.0, 0.0, 0.0, 0.0, 0.0, 0.0, 0.0, 0.0, 0.0, 0.0, 0.0, 0.0, 0.0, 0.0, 0.0, 0.0, 0.0, 0.0, 0.0, 0.0, 36.57986836620089, 27.805075941621226, 21.067234727475704, 20.819392693395862, 36.38366645013919, 38.66234384438025, 15.390543905679943, 6.939405519220147, 38.554470526311334, 26.872747046647685, 35.95493879444029, 31.11612303013421, 45.21075119073529, 9.681833514854862, 25.096728942082088, 9.73653497161333, 15.563528290354776, 26.085956950777636, 2.391020847489366, 21.80416569313581, 0.0, 0.0, 0.0, 0.0, 0.0, 0.0, 0.0, 0.0, 0.0, 0.0, 0.0, 0.0, 0.0, 0.0, 0.0, 0.0, 0.0, 0.0, 0.0, 0.0, 0.0, 0.0, 0.0, 0.0, 0.0, 0.0, 0.0, 0.0, 0.0, 0.0], [0.0, 0.0, 0.0, 0.0, 0.0, 0.0, 0.0, 0.0, 0.0, 0.0, 0.0, 0.0, 0.0, 0.0, 0.0, 0.0, 0.0, 0.0, 0.0, 0.0, 0.0, 0.0, 0.0, 0.0, 0.0, 0.0, 0.0, 0.0, 0.0, 0.0, 36.57986836620089, 27.805075941621226, 21.067234727475704, 20.819392693395862, 36.38366645013919, 38.66234384438025, 15.390543905679943, 6.939405519220147, 38.554470526311334, 26.872747046647685, 35.95493879444029, 31.11612303013421, 45.21075119073529, 9.681833514854862, 25.096728942082088, 9.73653497161333, 15.563528290354776, 26.085956950777636, 2.391020847489366, 21.80416569313581, 0.0, 0.0, 0.0, 0.0, 0.0, 0.0, 0.0, 0.0, 0.0, 0.0, 0.0, 0.0, 0.0, 0.0, 0.0, 0.0, 0.0, 0.0, 0.0, 0.0, 0.0, 0.0, 0.0, 0.0, 0.0, 0.0, 0.0, 0.0, 0.0, 0.0], [0.0, 0.0, 0.0, 0.0, 0.0, 0.0, 0.0, 0.0, 0.0, 0.0, 0.0, 0.0, 0.0, 0.0, 0.0, 0.0, 0.0, 0.0, 0.0, 0.0, 0.0, 0.0, 0.0, 0.0, 0.0, 0.0, 0.0, 0.0, 0.0, 0.0, 36.57986836620089, 27.805075941621226, 21.067234727475704, 20.819392693395862, 36.38366645013919, 38.66234384438025, 15.390543905679943, 6.939405519220147, 38.554470526311334, 26.872747046647685, 35.95493879444029, 31.11612303013421, 45.21075119073529, 9.681833514854862, 25.096728942082088, 9.73653497161333, 15.563528290354776, 26.085956950777636, 2.391020847489366, 21.80416569313581, 0.0, 0.0, 0.0, 0.0, 0.0, 0.0, 0.0, 0.0, 0.0, 0.0, 0.0, 0.0, 0.0, 0.0, 0.0, 0.0, 0.0, 0.0, 0.0, 0.0, 0.0, 0.0, 0.0, 0.0, 0.0, 0.0, 0.0, 0.0, 0.0, 0.0], [0.0, 0.0, 0.0, 0.0, 0.0, 0.0, 0.0, 0.0, 0.0, 0.0, 0.0, 0.0, 0.0, 0.0, 0.0, 0.0, 0.0, 0.0, 0.0, 0.0, 0.0, 0.0, 0.0, 0.0, 0.0, 0.0, 0.0, 0.0, 0.0, 0.0, 36.57986836620089, 27.805075941621226, 21.067234727475704, 20.819392693395862, 36.38366645013919, 38.66234384438025, 15.390543905679943, 6.939405519220147, 38.554470526311334, 26.872747046647685, 35.95493879444029, 31.11612303013421, 45.21075119073529, 9.681833514854862, 25.096728942082088, 9.73653497161333, 15.563528290354776, 26.085956950777636, 2.391020847489366, 21.80416569313581, 0.0, 0.0, 0.0, 0.0, 0.0, 0.0, 0.0, 0.0, 0.0, 0.0, 0.0, 0.0, 0.0, 0.0, 0.0, 0.0, 0.0, 0.0, 0.0, 0.0, 0.0, 0.0, 0.0, 0.0, 0.0, 0.0, 0.0, 0.0, 0.0, 0.0], [0.0, 0.0, 0.0, 0.0, 0.0, 0.0, 0.0, 0.0, 0.0, 0.0, 0.0, 0.0, 0.0, 0.0, 0.0, 0.0, 0.0, 0.0, 0.0, 0.0, 0.0, 0.0, 0.0, 0.0, 0.0, 0.0, 0.0, 0.0, 0.0, 0.0, 36.57986836620089, 27.805075941621226, 21.067234727475704, 20.819392693395862, 36.38366645013919, 38.66234384438025, 15.390543905679943, 6.939405519220147, 38.554470526311334, 26.872747046647685, 35.95493879444029, 31.11612303013421, 45.21075119073529, 9.681833514854862, 25.096728942082088, 9.73653497161333, 15.563528290354776, 26.085956950777636, 2.391020847489366, 21.80416569313581, 0.0, 0.0, 0.0, 0.0, 0.0, 0.0, 0.0, 0.0, 0.0, 0.0, 0.0, 0.0, 0.0, 0.0, 0.0, 0.0, 0.0, 0.0, 0.0, 0.0, 0.0, 0.0, 0.0, 0.0, 0.0, 0.0, 0.0, 0.0, 0.0, 0.0], [0.0, 0.0, 0.0, 0.0, 0.0, 0.0, 0.0, 0.0, 0.0, 0.0, 0.0, 0.0, 0.0, 0.0, 0.0, 0.0, 0.0, 0.0, 0.0, 0.0, 0.0, 0.0, 0.0, 0.0, 0.0, 0.0, 0.0, 0.0, 0.0, 0.0, 36.57986836620089, 27.805075941621226, 21.067234727475704, 20.819392693395862, 36.38366645013919, 38.66234384438025, 15.390543905679943, 6.939405519220147, 38.554470526311334, 26.872747046647685, 35.95493879444029, 31.11612303013421, 45.21075119073529, 9.681833514854862, 25.096728942082088, 9.73653497161333, 15.563528290354776, 26.085956950777636, 2.391020847489366, 21.80416569313581, 0.0, 0.0, 0.0, 0.0, 0.0, 0.0, 0.0, 0.0, 0.0, 0.0, 0.0, 0.0, 0.0, 0.0, 0.0, 0.0, 0.0, 0.0, 0.0, 0.0, 0.0, 0.0, 0.0, 0.0, 0.0, 0.0, 0.0, 0.0, 0.0, 0.0], [0.0, 0.0, 0.0, 0.0, 0.0, 0.0, 0.0, 0.0, 0.0, 0.0, 0.0, 0.0, 0.0, 0.0, 0.0, 0.0, 0.0, 0.0, 0.0, 0.0, 0.0, 0.0, 0.0, 0.0, 0.0, 0.0, 0.0, 0.0, 0.0, 0.0, 36.57986836620089, 27.805075941621226, 21.067234727475704, 20.819392693395862, 36.38366645013919, 38.66234384438025, 15.390543905679943, 6.939405519220147, 38.554470526311334, 26.872747046647685, 35.95493879444029, 31.11612303013421, 45.21075119073529, 9.681833514854862, 25.096728942082088, 9.73653497161333, 15.563528290354776, 26.085956950777636, 2.391020847489366, 21.80416569313581, 0.0, 0.0, 0.0, 0.0, 0.0, 0.0, 0.0, 0.0, 0.0, 0.0, 0.0, 0.0, 0.0, 0.0, 0.0, 0.0, 0.0, 0.0, 0.0, 0.0, 0.0, 0.0, 0.0, 0.0, 0.0, 0.0, 0.0, 0.0, 0.0, 0.0], [0.0, 0.0, 0.0, 0.0, 0.0, 0.0, 0.0, 0.0, 0.0, 0.0, 0.0, 0.0, 0.0, 0.0, 0.0, 0.0, 0.0, 0.0, 0.0, 0.0, 0.0, 0.0, 0.0, 0.0, 0.0, 0.0, 0.0, 0.0, 0.0, 0.0, 36.57986836620089, 27.805075941621226, 21.067234727475704, 20.819392693395862, 36.38366645013919, 38.66234384438025, 15.390543905679943, 6.939405519220147, 38.554470526311334, 26.872747046647685, 35.95493879444029, 31.11612303013421, 45.21075119073529, 9.681833514854862, 25.096728942082088, 9.73653497161333, 15.563528290354776, 26.085956950777636, 2.391020847489366, 21.80416569313581, 0.0, 0.0, 0.0, 0.0, 0.0, 0.0, 0.0, 0.0, 0.0, 0.0, 0.0, 0.0, 0.0, 0.0, 0.0, 0.0, 0.0, 0.0, 0.0, 0.0, 0.0, 0.0, 0.0, 0.0, 0.0, 0.0, 0.0, 0.0, 0.0, 0.0], [0.0, 0.0, 0.0, 0.0, 0.0, 0.0, 0.0, 0.0, 0.0, 0.0, 0.0, 0.0, 0.0, 0.0, 0.0, 0.0, 0.0, 0.0, 0.0, 0.0, 0.0, 0.0, 0.0, 0.0, 0.0, 0.0, 0.0, 0.0, 0.0, 0.0, 36.57986836620089, 27.805075941621226, 21.067234727475704, 20.819392693395862, 36.38366645013919, 38.66234384438025, 15.390543905679943, 6.939405519220147, 38.554470526311334, 26.872747046647685, 35.95493879444029, 31.11612303013421, 45.21075119073529, 9.681833514854862, 25.096728942082088, 9.73653497161333, 15.563528290354776, 26.085956950777636, 2.391020847489366, 21.80416569313581, 0.0, 0.0, 0.0, 0.0, 0.0, 0.0, 0.0, 0.0, 0.0, 0.0, 0.0, 0.0, 0.0, 0.0, 0.0, 0.0, 0.0, 0.0, 0.0, 0.0, 0.0, 0.0, 0.0, 0.0, 0.0, 0.0, 0.0, 0.0, 0.0, 0.0]];
